  i           filename[i]         MJD  year  mm  dd      i_flux   i_mag  mg8807ew  mg_8807_flux  fe8689ew  fe_8689_flux   K7700ew   K_7700_flux   K7326ew   K_7326_flux   K7016ew   K_7016_flux  Li6708ew  Li_6708_flux  bl6500ew  bl_6500_flux  ca6122ew  ca_6122_flux  un5660ew  un_5660_flux  un5270ew  un_5270_flux
  0         1046778i.fits  54806.4375  2008  12   6    4.896780  -1.725  0.046878    0.00250588  0.047765    0.00237585  0.055652    0.00224029  0.030764    0.00115302  0.025526    0.00090923  0.057540    0.00173083  0.139731    0.00447520  0.088331    0.00262717  0.094622    0.00255106  0.463586    0.01096113
  1         1046779i.fits  54806.4531  2008  12   6    5.184492  -1.787  0.047739    0.00270865  0.049064    0.00258717  0.056183    0.00239883  0.030790    0.00122290  0.025315    0.00095419  0.057584    0.00185001  0.140187    0.00476801  0.088057    0.00278509  0.096342    0.00277375  0.464982    0.01173134
  2         1046780i.fits  54806.4648  2008  12   6    5.079676  -1.765  0.047933    0.00267244  0.047915    0.00246693  0.056334    0.00236965  0.031002    0.00120392  0.024979    0.00091920  0.058499    0.00182013  0.138235    0.00456994  0.087975    0.00271437  0.094090    0.00264196  0.469690    0.01159081
  3         1046781i.fits  54806.4805  2008  12   6    5.034720  -1.755  0.047128    0.00258403  0.048851    0.00250422  0.055374    0.00228376  0.030833    0.00118863  0.025675    0.00094320  0.057890    0.00179009  0.140487    0.00463534  0.087189    0.00268225  0.091325    0.00253059  0.475531    0.01173403
  4         1046954i.fits  54807.3867  2008  12   7    5.797891  -1.908  0.048199    0.00303530  0.049369    0.00291475  0.056028    0.00272313  0.031155    0.00139653  0.026764    0.00115605  0.057154    0.00209381  0.140445    0.00547055  0.088399    0.00323566  0.092091    0.00305170  0.462995    0.01355368
  5         1046955i.fits  54807.4023  2008  12   7    5.824822  -1.913  0.049058    0.00312001  0.048548    0.00287684  0.055524    0.00269800  0.031371    0.00141586  0.026569    0.00114333  0.057456    0.00210947  0.141697    0.00554518  0.089880    0.00331679  0.097386    0.00325545  0.472077    0.01386980
  6         1046956i.fits  54807.4180  2008  12   7    5.889675  -1.925  0.049370    0.00317120  0.048922    0.00292177  0.054353    0.00267080  0.031032    0.00141065  0.026312    0.00114368  0.057162    0.00212756  0.140395    0.00555711  0.088520    0.00328950  0.089841    0.00303418  0.464658    0.01388409
  7         1046957i.fits  54807.4297  2008  12   7    5.889884  -1.925  0.048092    0.00308986  0.048931    0.00293439  0.055666    0.00274529  0.030628    0.00139450  0.027683    0.00121450  0.057075    0.00212940  0.138937    0.00551377  0.087777    0.00326969  0.095361    0.00323630  0.470084    0.01406749
  8         1047097i.fits  54808.4062  2008  12   8    4.087337  -1.529  0.047252    0.00216345  0.045951    0.00193150  0.056674    0.00189668  0.030489    0.00093633  0.025257    0.00073057  0.057449    0.00139400  0.140655    0.00362796  0.087978    0.00207574  0.093591    0.00195844  0.462026    0.00837162
  9         1047098i.fits  54808.4219  2008  12   8    4.034379  -1.514  0.045125    0.00201729  0.046452    0.00193641  0.056789    0.00186945  0.030749    0.00092904  0.025329    0.00072518  0.055661    0.00131938  0.140624    0.00356166  0.088211    0.00204355  0.087067    0.00177431  0.467529    0.00842170
 10         1047099i.fits  54808.4375  2008  12   8    3.682022  -1.415  0.047581    0.00197190  0.047822    0.00184525  0.056745    0.00169683  0.030313    0.00083874  0.024610    0.00063475  0.056167    0.00121153  0.141652    0.00323644  0.088863    0.00186410  0.093982    0.00175110  0.461034    0.00737586
 11         1047100i.fits  54808.4492  2008  12   8    3.631907  -1.400  0.046133    0.00187665  0.047165    0.00178093  0.055783    0.00164390  0.030190    0.00081815  0.024567    0.00062132  0.056915    0.00121447  0.137431    0.00307840  0.086991    0.00178594  0.089633    0.00163344  0.461593    0.00724538
 12         1047277i.fits  54809.4062  2008  12   9    2.186242  -0.849  0.047943    0.00115866  0.048008    0.00107876  0.054903    0.00098379  0.031113    0.00051610  0.027049    0.00042938  0.056818    0.00076258  0.133050    0.00187362  0.088247    0.00116977  0.096834    0.00117099  0.457100    0.00477506
 13         1047278i.fits  54809.4219  2008  12   9    3.647431  -1.405  0.047656    0.00192916  0.048279    0.00182934  0.056028    0.00167520  0.030495    0.00084176  0.024888    0.00065186  0.057147    0.00127325  0.139292    0.00329640  0.088876    0.00195869  0.090546    0.00181395  0.453763    0.00796701
 14         1047279i.fits  54809.4375  2008  12   9    2.467063  -0.980  0.047429    0.00130956  0.046454    0.00117723  0.055023    0.00111158  0.028635    0.00053500  0.025688    0.00046105  0.056685    0.00085762  0.140662    0.00226669  0.088179    0.00131694  0.090603    0.00123835  0.461939    0.00561653
 15         1047280i.fits  54809.4531  2008  12   9    2.383536  -0.943  0.048151    0.00127384  0.047358    0.00115883  0.054594    0.00106940  0.031197    0.00056651  0.025724    0.00044599  0.056309    0.00083414  0.137305    0.00215251  0.087072    0.00128543  0.083383    0.00109498  0.458728    0.00541693
 16         1047457i.fits  54810.3945  2008  12  10    1.565115  -0.486  0.043837    0.00078406  0.042778    0.00069645  0.057458    0.00071847  0.030770    0.00035337  0.021400    0.00022847  0.056222    0.00050224  0.130697    0.00123152  0.085436    0.00073519  0.081303    0.00060198  0.449523    0.00286777
 17         1047458i.fits  54810.4102  2008  12  10    1.476218  -0.423  0.044314    0.00074822  0.045520    0.00071540  0.055569    0.00064850  0.030358    0.00032478  0.022660    0.00022498  0.056551    0.00046587  0.137398    0.00118544  0.087188    0.00070159  0.078438    0.00053398  0.445293    0.00262925
 18         1047459i.fits  54810.4258  2008  12  10    1.209601  -0.207  0.043830    0.00060221  0.045270    0.00057273  0.053972    0.00051756  0.030793    0.00027408  0.023903    0.00019943  0.057298    0.00041783  0.139559    0.00102652  0.084562    0.00056882  0.101513    0.00060832  0.444458    0.00223971
 19         1047460i.fits  54810.4375  2008  12  10    1.784833  -0.629  0.041573    0.00083789  0.042529    0.00078422  0.054012    0.00077282  0.028504    0.00037420  0.024887    0.00031186  0.054224    0.00055934  0.135810    0.00149399  0.087514    0.00088723  0.082420    0.00072709  0.444884    0.00347033
 20         1047963i.fits  54815.3906  2008  12  15    4.753224  -1.692  0.047687    0.00248080  0.048617    0.00236482  0.056215    0.00220846  0.030432    0.00110240  0.024309    0.00083249  0.056199    0.00163164  0.138549    0.00428868  0.085936    0.00248309  0.094063    0.00247694  0.452707    0.01037790
 21         1047964i.fits  54815.4062  2008  12  15    5.446258  -1.840  0.047116    0.00280355  0.047636    0.00264292  0.055494    0.00249931  0.030316    0.00125990  0.024705    0.00097047  0.055629    0.00186125  0.137620    0.00490041  0.087102    0.00290349  0.090398    0.00272756  0.455340    0.01209466
 22         1047965i.fits  54815.4219  2008  12  15    5.586279  -1.868  0.047641    0.00289646  0.047613    0.00270055  0.055416    0.00255616  0.030377    0.00129496  0.024948    0.00100973  0.056493    0.00194823  0.138337    0.00507437  0.086239    0.00294787  0.090722    0.00281947  0.460000    0.01265805
 23         1047966i.fits  54815.4375  2008  12  15    5.280640  -1.807  0.047383    0.00273687  0.047732    0.00257331  0.054894    0.00237870  0.030675    0.00123676  0.025070    0.00095689  0.056617    0.00183286  0.137462    0.00472008  0.086390    0.00276957  0.089157    0.00256921  0.458677    0.01186991
 24         1048131i.fits  54816.3750  2008  12  16    2.525863  -1.006  0.045285    0.00126084  0.044920    0.00115448  0.053500    0.00112350  0.029666    0.00056829  0.024738    0.00045039  0.054283    0.00085800  0.131805    0.00217509  0.085299    0.00131972  0.082846    0.00115711  0.441046    0.00549237
 25         1048132i.fits  54816.3906  2008  12  16    1.281211  -0.269  0.044478    0.00062426  0.047169    0.00062651  0.052366    0.00055632  0.028976    0.00027963  0.024039    0.00022138  0.053803    0.00042823  0.130489    0.00108682  0.082564    0.00064618  0.091919    0.00065826  0.443659    0.00273957
 26         1048133i.fits  54816.4062  2008  12  16    1.189361  -0.188  0.044034    0.00057992  0.045250    0.00055395  0.054145    0.00053601  0.029879    0.00026580  0.023149    0.00019599  0.054400    0.00041242  0.140341    0.00108576  0.083184    0.00059858  0.088088    0.00056734  0.448187    0.00258938
 27         1048134i.fits  54816.4180  2008  12  16    0.294266   1.328  0.052642    0.00017193  0.045606    0.00013502  0.046642    0.00011299  0.028056    0.00006347  0.022848    0.00004848  0.045415    0.00009023  0.133148    0.00026359  0.072316    0.00013464  0.109517    0.00019699  0.432952    0.00066841
 28         1048327i.fits  54817.3672  2008  12  17    3.283135  -1.291  0.041899    0.00150095  0.044223    0.00147432  0.054173    0.00148652  0.030357    0.00077520  0.025470    0.00061574  0.052008    0.00109078  0.120952    0.00267922  0.080567    0.00169229  0.079647    0.00152806  0.394942    0.00683040
 29         1048328i.fits  54817.3828  2008  12  17    1.442278  -0.398  0.045356    0.00071260  0.045222    0.00066690  0.053617    0.00064491  0.029222    0.00032443  0.026408    0.00027801  0.052286    0.00048045  0.123568    0.00119180  0.079249    0.00071867  0.084582    0.00071381  0.409007    0.00310530
 30         1048329i.fits  54817.3984  2008  12  17    5.105952  -1.770  0.043161    0.00241515  0.042990    0.00222993  0.053233    0.00226330  0.030568    0.00120935  0.025412    0.00094992  0.049563    0.00161800  0.126817    0.00437826  0.079331    0.00257276  0.080011    0.00237894  0.397819    0.01075302
 31         1048330i.fits  54817.4141  2008  12  17    5.432538  -1.838  0.042733    0.00254665  0.042978    0.00238928  0.052337    0.00236709  0.031040    0.00130680  0.025308    0.00100798  0.052172    0.00180266  0.128530    0.00473090  0.079592    0.00274377  0.082034    0.00259967  0.394345    0.01126558
 32         1048499i.fits  54818.3633  2008  12  18    3.948644  -1.491  0.043894    0.00194999  0.042013    0.00171893  0.052620    0.00170037  0.032904    0.00098929  0.027318    0.00077145  0.052898    0.00125338  0.129669    0.00328239  0.084115    0.00196829  0.081304    0.00170787  0.419889    0.00780925
 33         1048500i.fits  54818.3789  2008  12  18    4.096677  -1.531  0.043494    0.00199881  0.042650    0.00181119  0.053272    0.00179230  0.032243    0.00100414  0.026220    0.00076039  0.053746    0.00132608  0.121496    0.00318896  0.083618    0.00205353  0.080818    0.00177391  0.420265    0.00817373
 34         1048501i.fits  54818.3945  2008  12  18    4.068310  -1.524  0.045383    0.00206973  0.043418    0.00183377  0.053453    0.00177808  0.031492    0.00096634  0.026851    0.00077527  0.052825    0.00129654  0.129264    0.00337966  0.082839    0.00201383  0.076628    0.00164718  0.412328    0.00794129
 35         1048502i.fits  54818.4102  2008  12  18    3.934031  -1.487  0.045216    0.00200588  0.042875    0.00175622  0.053751    0.00173930  0.031044    0.00092203  0.026212    0.00072885  0.053839    0.00128013  0.129074    0.00323364  0.082993    0.00193541  0.083528    0.00176934  0.422302    0.00788731
 36         1048695i.fits  54819.3633  2008  12  19    2.309716  -0.909  0.040428    0.00107224  0.043532    0.00107219  0.053417    0.00098939  0.030354    0.00051497  0.024945    0.00039399  0.051885    0.00067557  0.127519    0.00176007  0.082974    0.00104540  0.082301    0.00091560  0.417839    0.00401051
 37         1048696i.fits  54819.3789  2008  12  19    1.955341  -0.728  0.040996    0.00093097  0.040697    0.00084031  0.053828    0.00083944  0.031270    0.00044511  0.023744    0.00031306  0.052920    0.00057594  0.126144    0.00145085  0.082650    0.00086211  0.082131    0.00074985  0.425328    0.00339559
 38         1048697i.fits  54819.3945  2008  12  19    2.114252  -0.813  0.041509    0.00101588  0.043808    0.00098618  0.051663    0.00086808  0.030124    0.00047047  0.025021    0.00036241  0.051337    0.00061248  0.131194    0.00165852  0.084725    0.00098145  0.087151    0.00089138  0.410194    0.00360612
 39         1048698i.fits  54819.4102  2008  12  19    2.133235  -0.823  0.041946    0.00104184  0.041380    0.00093739  0.052703    0.00089742  0.030454    0.00047411  0.024233    0.00035088  0.051317    0.00061583  0.134989    0.00171210  0.085582    0.00099310  0.082740    0.00083383  0.423613    0.00373323
 40         1048903i.fits  54820.3633  2008  12  20    1.312912  -0.296  0.044051    0.00065053  0.046385    0.00062969  0.058624    0.00061385  0.030182    0.00029280  0.023883    0.00021780  0.054794    0.00040654  0.135601    0.00107303  0.084884    0.00060877  0.090711    0.00057423  0.456177    0.00248217
 41         1048904i.fits  54820.3789  2008  12  20    2.822655  -1.127  0.045855    0.00146911  0.043266    0.00127172  0.056603    0.00127159  0.030483    0.00064078  0.024692    0.00048983  0.056040    0.00090755  0.126781    0.00218359  0.085032    0.00135016  0.088688    0.00126202  0.443211    0.00551799
 42         1048905i.fits  54820.3945  2008  12  20    3.832513  -1.459  0.046318    0.00201009  0.044263    0.00174967  0.057055    0.00174564  0.029936    0.00085410  0.023467    0.00062996  0.055967    0.00123146  0.129751    0.00304304  0.085459    0.00186372  0.085461    0.00164044  0.435613    0.00737484
 43         1048906i.fits  54820.4062  2008  12  20    3.930788  -1.486  0.045916    0.00205449  0.044587    0.00181814  0.056581    0.00177479  0.030202    0.00087980  0.023618    0.00065187  0.055635    0.00125544  0.130879    0.00316383  0.085445    0.00189429  0.087237    0.00172720  0.439771    0.00773706
 44         1049991i.fits  54838.2539  2009   1   7    4.215925  -1.562  0.047323    0.00221742  0.047574    0.00206823  0.056717    0.00192792  0.030598    0.00097548  0.024022    0.00072690  0.057179    0.00144541  0.143320    0.00386814  0.087817    0.00217585  0.089522    0.00199109  0.473560    0.00940631
 45         1049992i.fits  54838.2695  2009   1   7    4.321762  -1.589  0.047632    0.00229621  0.047271    0.00209623  0.056971    0.00199680  0.032296    0.00106461  0.022988    0.00070651  0.057473    0.00149106  0.140318    0.00389324  0.090593    0.00233176  0.091454    0.00211268  0.468861    0.00951938
 46         1049993i.fits  54838.2852  2009   1   7    4.506163  -1.635  0.047906    0.00241031  0.047309    0.00218142  0.057087    0.00208108  0.031300    0.00107674  0.024539    0.00079632  0.057352    0.00155117  0.139611    0.00405654  0.088395    0.00236924  0.093625    0.00228119  0.468199    0.00999296
 47         1049994i.fits  54838.2969  2009   1   7    4.818916  -1.707  0.049403    0.00263702  0.048684    0.00240356  0.058083    0.00226798  0.031158    0.00114387  0.023819    0.00082547  0.057396    0.00166946  0.141277    0.00441604  0.089470    0.00260461  0.090717    0.00236563  0.469424    0.01088542
 48         1050359i.fits  54840.2227  2009   1   9    4.198485  -1.558  0.048769    0.00222328  0.048726    0.00209431  0.054551    0.00192538  0.030809    0.00100551  0.024882    0.00077584  0.056596    0.00151067  0.136140    0.00383078  0.086067    0.00226234  0.091868    0.00218552  0.462002    0.00988839
 49         1050360i.fits  54840.2383  2009   1   9    4.632411  -1.665  0.047585    0.00238708  0.048617    0.00227577  0.055444    0.00215999  0.031265    0.00112730  0.023958    0.00082183  0.056389    0.00166335  0.136413    0.00426149  0.085333    0.00248103  0.089177    0.00236139  0.458390    0.01082338
 50         1050361i.fits  54840.2500  2009   1   9    5.153604  -1.780  0.048987    0.00272262  0.048279    0.00250604  0.054969    0.00237718  0.031334    0.00126415  0.025167    0.00096806  0.056301    0.00185849  0.138122    0.00483075  0.086433    0.00282193  0.094124    0.00282193  0.457061    0.01216238
 51         1050362i.fits  54840.2656  2009   1   9    5.057741  -1.760  0.048391    0.00264450  0.048331    0.00246992  0.054560    0.00231301  0.030337    0.00119912  0.024861    0.00093884  0.056730    0.00184349  0.136116    0.00468544  0.086227    0.00277589  0.093155    0.00274202  0.463072    0.01230528
 52         1050595i.fits  54841.2148  2009   1  10    5.592670  -1.869  0.047772    0.00290904  0.046631    0.00263633  0.054904    0.00257234  0.031518    0.00136920  0.024864    0.00103954  0.056364    0.00202298  0.134920    0.00515797  0.086829    0.00309736  0.097009    0.00320619  0.464391    0.01354921
 53         1050596i.fits  54841.2305  2009   1  10    5.504557  -1.852  0.048609    0.00292837  0.048441    0.00271467  0.054626    0.00251521  0.031557    0.00134982  0.024376    0.00099650  0.056511    0.00200420  0.139797    0.00528584  0.085949    0.00302919  0.092764    0.00298837  0.464391    0.01334099
 54         1050597i.fits  54841.2422  2009   1  10    5.708651  -1.891  0.048372    0.00302129  0.048473    0.00281829  0.054568    0.00260056  0.030661    0.00136279  0.024315    0.00103268  0.057468    0.00212387  0.139058    0.00546197  0.089067    0.00328741  0.091688    0.00308251  0.465002    0.01400623
 55         1050598i.fits  54841.2578  2009   1  10    5.672269  -1.884  0.049129    0.00304714  0.048418    0.00279712  0.054058    0.00255091  0.031156    0.00137437  0.025084    0.00105740  0.056783    0.00208286  0.137858    0.00537311  0.088591    0.00323654  0.091316    0.00304506  0.464586    0.01388882
 56         1050762i.fits  54842.2266  2009   1  11    2.245391  -0.878  0.047021    0.00120659  0.046788    0.00110573  0.055637    0.00100734  0.031303    0.00052481  0.023284    0.00036356  0.055913    0.00072636  0.132660    0.00182230  0.088124    0.00111711  0.089368    0.00099714  0.463728    0.00453446
 57         1050763i.fits  54842.2422  2009   1  11    2.475640  -0.984  0.047641    0.00134343  0.046814    0.00120844  0.056342    0.00112945  0.031523    0.00058381  0.023340    0.00040271  0.057135    0.00082586  0.136500    0.00207970  0.084519    0.00118989  0.097324    0.00121776  0.464841    0.00506363
 58         1050764i.fits  54842.3672  2009   1  11    2.698659  -1.078  0.047030    0.00144969  0.046877    0.00132871  0.057708    0.00126024  0.030703    0.00061751  0.024324    0.00046233  0.058612    0.00092077  0.138219    0.00229190  0.087297    0.00132964  0.087297    0.00117206  0.459155    0.00544187
 59         1050765i.fits  54842.3828  2009   1  11    3.009931  -1.196  0.047890    0.00164903  0.046943    0.00148755  0.055006    0.00133097  0.031094    0.00069370  0.024402    0.00051210  0.059077    0.00103685  0.140761    0.00259854  0.088637    0.00150447  0.093409    0.00142324  0.455072    0.00604234
 60         1050766i.fits  54842.3984  2009   1  11    3.340967  -1.310  0.048829    0.00186261  0.046670    0.00162479  0.056914    0.00154986  0.030906    0.00077094  0.024434    0.00057687  0.057346    0.00110955  0.136410    0.00279809  0.087554    0.00166572  0.089264    0.00150060  0.462618    0.00680717
 61         1050767i.fits  54842.4102  2009   1  11    3.356643  -1.315  0.046483    0.00177363  0.047529    0.00166405  0.058799    0.00160608  0.030811    0.00077179  0.024820    0.00058673  0.057339    0.00112113  0.138452    0.00284550  0.087724    0.00166498  0.092991    0.00156041  0.464358    0.00685442
 63         1050876i.fits  54843.2148  2009   1  12    0.054253   3.164  0.052859    0.00003471  0.054543    0.00003462  0.054039    0.00002292  0.034665    0.00001401  0.024582    0.00001032  0.046970    0.00001836  0.091662    0.00003306  0.101483    0.00003043  0.048217    0.00001374  0.574245    0.00015849
 64         1050877i.fits  54843.2305  2009   1  12    0.287286   1.354  0.052857    0.00017299  0.042361    0.00012241  0.056508    0.00012851  0.026502    0.00005708  0.025269    0.00005287  0.052186    0.00008849  0.100612    0.00017141  0.092114    0.00014838  0.080111    0.00010598  0.469164    0.00058676
 65         1050878i.fits  54843.2461  2009   1  12    1.098062  -0.102  0.043821    0.00054065  0.048260    0.00055650  0.056599    0.00050000  0.029565    0.00023863  0.024457    0.00018847  0.060336    0.00037642  0.135246    0.00088481  0.088837    0.00053765  0.082542    0.00044539  0.451363    0.00215789
 66         1050879i.fits  54843.2617  2009   1  12    1.179061  -0.179  0.044936    0.00060107  0.048753    0.00060231  0.057205    0.00054629  0.028585    0.00025286  0.023559    0.00019849  0.055528    0.00038159  0.137909    0.00100721  0.086639    0.00058328  0.084900    0.00049721  0.445171    0.00233060
 67         1050880i.fits  54843.2773  2009   1  12    1.637993  -0.536  0.045159    0.00084322  0.046809    0.00079726  0.057399    0.00074810  0.030292    0.00036936  0.022583    0.00025666  0.057252    0.00053310  0.136822    0.00134828  0.090447    0.00082724  0.090290    0.00072598  0.456640    0.00326029
 68         1050881i.fits  54843.2891  2009   1  12    2.165579  -0.839  0.048423    0.00121203  0.047079    0.00106558  0.056103    0.00096110  0.030030    0.00048339  0.022568    0.00034029  0.059160    0.00072701  0.135827    0.00176166  0.090782    0.00108879  0.094996    0.00101391  0.451943    0.00420935
 69         1050882i.fits  54843.3047  2009   1  12    3.269053  -1.286  0.046725    0.00175897  0.046663    0.00159588  0.059340    0.00155349  0.031289    0.00076076  0.023960    0.00054704  0.059129    0.00109423  0.134509    0.00265174  0.088556    0.00161470  0.091069    0.00147133  0.456830    0.00644452
 70         1051106i.fits  54844.1992  2009   1  13    3.023691  -1.201  0.046724    0.00164295  0.047611    0.00153652  0.057384    0.00139777  0.034279    0.00078025  0.024739    0.00052371  0.057484    0.00097251  0.132708    0.00240150  0.090030    0.00149614  0.088284    0.00126921  0.478772    0.00607265
 71         1051107i.fits  54844.2109  2009   1  13    2.665702  -1.065  0.047046    0.00147251  0.047329    0.00133327  0.058413    0.00124094  0.033493    0.00066636  0.025255    0.00047100  0.059028    0.00088298  0.136001    0.00215981  0.090907    0.00133099  0.089906    0.00114506  0.481729    0.00532843
 72         1051108i.fits  54844.2266  2009   1  13    2.110540  -0.811  0.046960    0.00116495  0.045360    0.00101780  0.059725    0.00099383  0.034028    0.00053168  0.025119    0.00036624  0.058817    0.00068797  0.142431    0.00176979  0.092283    0.00106099  0.093239    0.00092371  0.480865    0.00406366
 73         1051109i.fits  54844.2422  2009   1  13    3.085768  -1.223  0.046850    0.00168834  0.047115    0.00154412  0.059458    0.00146377  0.034525    0.00080081  0.025561    0.00055568  0.058304    0.00101398  0.137099    0.00254519  0.090797    0.00155072  0.087473    0.00130902  0.472156    0.00623261
 74         1051342i.fits  54845.2266  2009   1  14    4.802951  -1.704  0.048145    0.00261940  0.046133    0.00229323  0.057895    0.00221745  0.031833    0.00115461  0.024073    0.00082557  0.058772    0.00165158  0.137092    0.00413377  0.090273    0.00252389  0.091156    0.00226600  0.460502    0.01008203
 75         1051343i.fits  54845.2422  2009   1  14    4.866470  -1.718  0.048052    0.00265342  0.048172    0.00244408  0.058578    0.00227804  0.032213    0.00119073  0.023799    0.00082834  0.059025    0.00168409  0.140778    0.00433710  0.089897    0.00256548  0.095003    0.00243498  0.468125    0.01057386
 76         1051344i.fits  54845.2539  2009   1  14    4.920722  -1.730  0.047973    0.00267526  0.047274    0.00241985  0.057956    0.00228597  0.032396    0.00122733  0.024105    0.00085183  0.059248    0.00171900  0.138913    0.00434807  0.091064    0.00264356  0.091243    0.00237307  0.467893    0.01073355
 77         1051345i.fits  54845.2695  2009   1  14    4.710086  -1.683  0.048039    0.00255191  0.046121    0.00224590  0.059612    0.00224167  0.031471    0.00112018  0.023854    0.00079984  0.058621    0.00159938  0.141659    0.00420869  0.090426    0.00248174  0.090643    0.00221991  0.464896    0.01005990
 78         1265739i.fits  55544.3125  2010  12  14    2.454023  -0.975  0.039085    0.00111855  0.041940    0.00110134  0.055605    0.00110451  0.027142    0.00049485  0.022483    0.00039515  0.048619    0.00075776  0.128216    0.00216222  0.078811    0.00120940  0.082782    0.00112390  0.393327    0.00458446
 79         1265740i.fits  55544.3281  2010  12  14    2.305316  -0.907  0.039733    0.00106589  0.043325    0.00107448  0.055604    0.00104001  0.027291    0.00047097  0.022027    0.00036017  0.049356    0.00071582  0.128336    0.00199490  0.080029    0.00114081  0.086985    0.00110450  0.405487    0.00437056
 80         1265741i.fits  55544.3438  2010  12  14    2.376083  -0.940  0.041312    0.00115201  0.041740    0.00106582  0.056087    0.00107418  0.028986    0.00051640  0.022584    0.00038000  0.051035    0.00076180  0.131427    0.00211929  0.080750    0.00119739  0.082820    0.00107727  0.405490    0.00450432
 81         1265742i.fits  55544.3594  2010  12  14    2.583679  -1.031  0.039888    0.00120781  0.044157    0.00123672  0.054471    0.00113715  0.027329    0.00052465  0.022359    0.00041231  0.050047    0.00081055  0.129324    0.00226675  0.081585    0.00131579  0.080653    0.00113536  0.392825    0.00473463
 82         1265921i.fits  55545.3828  2010  12  15    5.481418  -1.847  0.042211    0.00260094  0.043607    0.00247530  0.055079    0.00248230  0.029202    0.00124260  0.023045    0.00095344  0.054479    0.00200673  0.130823    0.00521608  0.082200    0.00304613  0.079737    0.00265478  0.415177    0.01230057
 83         1265922i.fits  55545.3984  2010  12  15    4.944060  -1.735  0.042479    0.00238254  0.044741    0.00229706  0.053866    0.00217029  0.028571    0.00108533  0.022363    0.00082383  0.053786    0.00176303  0.127549    0.00451817  0.080738    0.00266073  0.085021    0.00251482  0.428551    0.01126015
 84         1265923i.fits  55545.4141  2010  12  15    5.234907  -1.797  0.042604    0.00253085  0.045141    0.00245956  0.053276    0.00227217  0.029103    0.00117369  0.022333    0.00087331  0.054591    0.00190443  0.131333    0.00496705  0.082179    0.00290053  0.084190    0.00267687  0.424355    0.01193995
 85         1265924i.fits  55545.4297  2010  12  15    4.931859  -1.733  0.043139    0.00241101  0.044893    0.00230771  0.054123    0.00217283  0.028754    0.00109022  0.022630    0.00083215  0.053758    0.00175286  0.135634    0.00481453  0.082892    0.00273092  0.089883    0.00268013  0.423373    0.01110577
 86         1266139i.fits  55546.3828  2010  12  16    4.519274  -1.638  0.042517    0.00217024  0.044615    0.00209447  0.053102    0.00196106  0.028438    0.00098739  0.023464    0.00079289  0.054134    0.00163168  0.130873    0.00425716  0.083155    0.00254425  0.088366    0.00243407  0.419440    0.01020704
 87         1266140i.fits  55546.3984  2010  12  16    4.740046  -1.689  0.042639    0.00228828  0.043916    0.00215931  0.052608    0.00203639  0.029558    0.00107926  0.024266    0.00086056  0.053825    0.00168491  0.132573    0.00453118  0.082936    0.00264376  0.081422    0.00230850  0.415864    0.01048347
 88         1266141i.fits  55546.4141  2010  12  16    4.880976  -1.721  0.043088    0.00240822  0.044433    0.00228350  0.054383    0.00218622  0.029944    0.00113147  0.023625    0.00086525  0.054667    0.00179189  0.129331    0.00457131  0.083310    0.00276260  0.086816    0.00259640  0.412891    0.01079387
 89         1266142i.fits  55546.4297  2010  12  16    4.763508  -1.695  0.042667    0.00230787  0.044665    0.00221865  0.052800    0.00204708  0.029472    0.00108020  0.024271    0.00086887  0.054310    0.00171780  0.129538    0.00445167  0.082342    0.00265379  0.082622    0.00237032  0.425923    0.01083243
 90         1266386i.fits  55547.3555  2010  12  17    4.495776  -1.632  0.044788    0.00233658  0.044921    0.00214337  0.053214    0.00192891  0.029468    0.00099566  0.023213    0.00076552  0.055010    0.00158257  0.130878    0.00412181  0.083102    0.00242814  0.084159    0.00218204  0.423455    0.00960219
 91         1266387i.fits  55547.3711  2010  12  17    5.039671  -1.756  0.043128    0.00249832  0.045457    0.00241553  0.051839    0.00209620  0.029350    0.00111585  0.023757    0.00087906  0.055989    0.00182535  0.130927    0.00465728  0.083197    0.00275578  0.085058    0.00251120  0.430094    0.01126920
 92         1266388i.fits  55547.3867  2010  12  17    5.758759  -1.901  0.044728    0.00294242  0.045265    0.00271894  0.054012    0.00250874  0.030683    0.00134282  0.023754    0.00101633  0.055009    0.00206745  0.133509    0.00552941  0.084057    0.00324287  0.089144    0.00311455  0.427959    0.01315164
 93         1266389i.fits  55547.4023  2010  12  17    5.785911  -1.906  0.044196    0.00292978  0.045037    0.00273296  0.054687    0.00256873  0.029872    0.00131413  0.024764    0.00106908  0.055746    0.00212316  0.130211    0.00541604  0.084745    0.00328258  0.086868    0.00304310  0.431097    0.01333268
 94         1266558i.fits  55548.3477  2010  12  18    3.499962  -1.360  0.043993    0.00178850  0.042166    0.00155738  0.056548    0.00157892  0.030554    0.00080219  0.024352    0.00061822  0.055304    0.00119804  0.134647    0.00320147  0.084902    0.00188192  0.084015    0.00161724  0.447140    0.00759825
 95         1266559i.fits  55548.3633  2010  12  18    4.008337  -1.507  0.042082    0.00195293  0.044717    0.00190165  0.056860    0.00181756  0.028889    0.00087224  0.025415    0.00074497  0.056069    0.00141256  0.131684    0.00361389  0.085418    0.00217453  0.087661    0.00196765  0.429748    0.00843201
 96         1266560i.fits  55548.3789  2010  12  18    4.334435  -1.592  0.042828    0.00215045  0.042683    0.00194710  0.055438    0.00191985  0.028923    0.00095310  0.024458    0.00078330  0.055594    0.00153829  0.132850    0.00399533  0.084800    0.00236159  0.085328    0.00210767  0.425270    0.00916362
 97         1266561i.fits  55548.3945  2010  12  18    4.767939  -1.696  0.041950    0.00229847  0.043724    0.00219940  0.056107    0.00214844  0.031070    0.00113826  0.023211    0.00081508  0.055401    0.00168253  0.135129    0.00448811  0.084722    0.00260794  0.081217    0.00220569  0.423642    0.01019800
 98         1266815i.fits  55549.3164  2010  12  19    1.244408  -0.237  0.040102    0.00052723  0.038677    0.00047920  0.033521    0.00036925  0.022613    0.00023882  0.022307    0.00024296  0.019373    0.00020555  0.107401    0.00124409  0.044083    0.00050493  0.069020    0.00079949  0.287235    0.00330731
 99         1266816i.fits  55549.3320  2010  12  19    2.758931  -1.102  0.038786    0.00123570  0.041800    0.00122025  0.050917    0.00114913  0.029162    0.00062301  0.024492    0.00051445  0.044018    0.00082786  0.122176    0.00250442  0.069549    0.00136347  0.078795    0.00141101  0.376157    0.00619680
100         1266817i.fits  55549.3477  2010  12  19    2.657987  -1.061  0.041517    0.00127046  0.040368    0.00113037  0.053194    0.00116052  0.028718    0.00059259  0.024866    0.00050265  0.044882    0.00081410  0.121806    0.00242428  0.072727    0.00136418  0.073190    0.00127416  0.374085    0.00603432
101         1266818i.fits  55549.3633  2010  12  19    2.752638  -1.099  0.040638    0.00128707  0.040959    0.00118422  0.051985    0.00117340  0.028438    0.00060091  0.025419    0.00052892  0.045270    0.00083800  0.119359    0.00240536  0.073098    0.00139312  0.083933    0.00146996  0.384249    0.00615509
102         1267382i.fits  55554.4102  2010  12  24    2.637123  -1.053  0.032576    0.00098589  0.036024    0.00101959  0.041803    0.00087693  0.023933    0.00047075  0.020001    0.00038243  0.042649    0.00073064  0.099830    0.00183948  0.063420    0.00108598  0.064406    0.00100500  0.283583    0.00386412
103         1267383i.fits  55554.4258  2010  12  24    2.736839  -1.093  0.033056    0.00104877  0.036113    0.00105534  0.043301    0.00095192  0.026224    0.00053530  0.019390    0.00037795  0.043454    0.00076813  0.099135    0.00187823  0.064484    0.00112253  0.072453    0.00114327  0.277159    0.00381195
104         1267384i.fits  55554.4453  2010  12  24    2.302404  -0.905  0.031896    0.00084623  0.036331    0.00089877  0.043170    0.00080159  0.025018    0.00043025  0.019687    0.00032471  0.044954    0.00067053  0.105022    0.00165940  0.067097    0.00097790  0.078450    0.00105408  0.294497    0.00338287
105         1267569i.fits  55555.3125  2010  12  25    4.031251  -1.514  0.033713    0.00153035  0.038714    0.00164772  0.045064    0.00147732  0.025388    0.00078026  0.018866    0.00055841  0.044661    0.00119399  0.106251    0.00308134  0.065974    0.00177717  0.066820    0.00164919  0.307680    0.00683296
106         1267570i.fits  55555.3281  2010  12  25    3.642834  -1.404  0.034118    0.00141375  0.037759    0.00144790  0.046055    0.00135025  0.025117    0.00068463  0.018476    0.00049186  0.045239    0.00109246  0.109546    0.00285408  0.067633    0.00164328  0.070400    0.00155779  0.309571    0.00609027
107         1267571i.fits  55555.3477  2010  12  25    4.096785  -1.531  0.035192    0.00162629  0.036423    0.00155373  0.045104    0.00149365  0.024700    0.00076329  0.020323    0.00061129  0.045239    0.00123303  0.108494    0.00318773  0.069664    0.00190683  0.068894    0.00171795  0.311193    0.00695821
108         1267572i.fits  55555.3633  2010  12  25    3.961728  -1.495  0.036173    0.00163173  0.037164    0.00153836  0.045765    0.00146381  0.024411    0.00072344  0.019311    0.00056044  0.045971    0.00121061  0.110552    0.00314610  0.069904    0.00185782  0.063898    0.00153397  0.316209    0.00689151
109         1268232i.fits  55560.3164  2010  12  30    0.533113   0.683  0.027351    0.00018182  0.028856    0.00017702  0.052821    0.00021609  0.019281    0.00007216  0.015900    0.00005468  0.033771    0.00009526  0.139137    0.00041991  0.065619    0.00015829  0.074691    0.00015000  0.327792    0.00056097
110         1268233i.fits  55560.3320  2010  12  30    0.454038   0.857  0.029790    0.00017419  0.033252    0.00017700  0.048404    0.00016832  0.021606    0.00006820  0.016975    0.00004962  0.032771    0.00007478  0.139234    0.00035207  0.073397    0.00015775  0.055100    0.00009620  0.187956    0.00025049
111         1268234i.fits  55560.3477  2010  12  30    0.330326   1.203  0.032121    0.00013198  0.031029    0.00011872  0.053671    0.00013161  0.019962    0.00004629  0.015354    0.00003015  0.025592    0.00004310  0.124124    0.00021525  0.062033    0.00008832  0.057196    0.00006955  0.235645    0.00023369
112         1268235i.fits  55560.3633  2010  12  30    0.359272   1.111  0.028379    0.00013248  0.033943    0.00014562  0.060332    0.00016572  0.020147    0.00005120  0.013027    0.00002837  0.027814    0.00005136  0.151856    0.00036254  0.085986    0.00014446  0.060133    0.00007164  0.394587    0.00041341
113         1597016i.fits  56255.4258  2012  11  24    0.053730   3.174  0.042642    0.00003026  0.042253    0.00002683  0.055416    0.00002240  0.029823    0.00001115  0.024553    0.00000774  0.051778    0.00001294  0.120876    0.00002959  0.075467    0.00001691  0.093183    0.00001675  0.368674    0.00005699
114         1597017i.fits  56255.4414  2012  11  24    0.083278   2.699  0.048049    0.00005498  0.043795    0.00004495  0.053055    0.00003279  0.029477    0.00001664  0.023183    0.00001105  0.049328    0.00002285  0.124939    0.00004402  0.082482    0.00002600  0.095845    0.00002347  0.371193    0.00007319
115         1597018i.fits  56255.4609  2012  11  24    0.141731   2.121  0.045301    0.00008840  0.045405    0.00008000  0.055773    0.00005784  0.032472    0.00003123  0.024625    0.00001970  0.053018    0.00003121  0.137536    0.00008045  0.083966    0.00004111  0.088761    0.00003380  0.441060    0.00012785
116         1597019i.fits  56255.4766  2012  11  24    0.167474   1.940  0.045432    0.00010497  0.043609    0.00009099  0.056010    0.00006811  0.032737    0.00003740  0.023562    0.00002219  0.051323    0.00003585  0.140847    0.00009729  0.084825    0.00005117  0.090495    0.00004025  0.429957    0.00014611
117         1597020i.fits  56255.4922  2012  11  24    0.164099   1.962  0.046727    0.00010559  0.044065    0.00008924  0.056142    0.00006776  0.031035    0.00003428  0.025713    0.00002407  0.054465    0.00003750  0.141345    0.00009731  0.088871    0.00005220  0.099043    0.00004355  0.427506    0.00014744
118         1597021i.fits  56255.5039  2012  11  24    0.170585   1.920  0.045862    0.00010735  0.045484    0.00009636  0.057954    0.00007370  0.031278    0.00003601  0.021696    0.00002093  0.054315    0.00003855  0.137934    0.00009679  0.091188    0.00005510  0.093686    0.00004209  0.419230    0.00014645
119         1597166i.fits  56256.4453  2012  11  25    0.129761   2.217  0.049016    0.00008368  0.047247    0.00007383  0.056694    0.00005514  0.028568    0.00002547  0.023917    0.00001891  0.048103    0.00002839  0.120117    0.00006984  0.077474    0.00003999  0.085937    0.00003416  0.402841    0.00012819
120         1597167i.fits  56256.4609  2012  11  25    0.088294   2.635  0.046416    0.00005313  0.041477    0.00004324  0.051858    0.00003509  0.032813    0.00002094  0.023033    0.00001267  0.041400    0.00001880  0.130105    0.00005616  0.074853    0.00002920  0.093944    0.00002906  0.407911    0.00010694
121         1597168i.fits  56256.4766  2012  11  25    0.157268   2.008  0.047636    0.00009964  0.049407    0.00009561  0.060609    0.00007157  0.030842    0.00003402  0.025749    0.00002431  0.051202    0.00003642  0.129795    0.00008829  0.086028    0.00005201  0.087478    0.00003961  0.437212    0.00016162
122         1597169i.fits  56256.4922  2012  11  25    0.121118   2.292  0.047642    0.00007646  0.046832    0.00006837  0.055031    0.00004916  0.029889    0.00002468  0.027392    0.00002004  0.051593    0.00002788  0.137395    0.00007397  0.080577    0.00003820  0.088191    0.00003209  0.407862    0.00012060
123         1597536i.fits  56257.5352  2012  11  26    0.162815   1.971  0.045522    0.00009612  0.049549    0.00010015  0.057271    0.00007131  0.028828    0.00003324  0.021595    0.00002135  0.046188    0.00003623  0.129470    0.00009978  0.071838    0.00004948  0.072648    0.00003857  0.396711    0.00018194
124         1597537i.fits  56257.5508  2012  11  26    0.067071   2.934  0.041866    0.00003383  0.043550    0.00003344  0.040967    0.00002227  0.022063    0.00001109  0.018922    0.00000859  0.028901    0.00001146  0.104328    0.00004012  0.047565    0.00001718  0.075906    0.00002422  0.333505    0.00009976
125         1597538i.fits  56257.5664  2012  11  26    0.022559   4.117  0.035238    0.00000775  0.043527    0.00001020  0.013723    0.00000285  0.015461    0.00000311  0.019418    0.00000381  0.006916    0.00000136  0.062294    0.00001187  0.004280    0.00000074  0.047380    0.00000814  0.162089    0.00002769
126         1597539i.fits  56257.5820  2012  11  26    0.017666   4.382  0.047754    0.00000799  0.036949    0.00000630  0.004775    0.00000079  0.019444    0.00000327  0.016184    0.00000269  0.001261    0.00000019  0.073511    0.00001120  0.023017    0.00000345  0.061273    0.00000965  0.247357    0.00003880
127         1597865i.fits  56258.4102  2012  11  27    0.181997   1.850  0.048450    0.00011146  0.044820    0.00009571  0.058302    0.00008349  0.026463    0.00003493  0.023195    0.00002705  0.040911    0.00003849  0.127785    0.00012790  0.067386    0.00005665  0.068932    0.00004728  0.368772    0.00022266
128         1597866i.fits  56258.4258  2012  11  27    0.164827   1.957  0.044519    0.00009208  0.043935    0.00008460  0.056831    0.00007364  0.027647    0.00003270  0.022819    0.00002392  0.040692    0.00003443  0.125949    0.00010706  0.065874    0.00004994  0.072247    0.00004501  0.374354    0.00020331
129         1597867i.fits  56258.4414  2012  11  27    0.217113   1.658  0.047160    0.00013108  0.045614    0.00011772  0.060710    0.00010310  0.027762    0.00004301  0.024490    0.00003308  0.046994    0.00005063  0.134733    0.00014286  0.070259    0.00006522  0.076476    0.00005552  0.394993    0.00024763
130         1597868i.fits  56258.4570  2012  11  27    0.161116   1.982  0.047505    0.00009428  0.043296    0.00008031  0.049921    0.00006585  0.025699    0.00003164  0.022958    0.00002552  0.032080    0.00002983  0.116751    0.00010842  0.058951    0.00005080  0.067803    0.00004918  0.341450    0.00022953
131         1598098i.fits  56259.4219  2012  11  28    0.220905   1.639  0.046437    0.00012774  0.044913    0.00011642  0.057559    0.00010003  0.027236    0.00004418  0.020698    0.00002990  0.039623    0.00004735  0.124380    0.00015035  0.064012    0.00006974  0.080558    0.00007438  0.361677    0.00030475
132         1598099i.fits  56259.4375  2012  11  28    0.226732   1.611  0.047835    0.00013831  0.045378    0.00012043  0.060051    0.00010438  0.027336    0.00004469  0.023762    0.00003428  0.042551    0.00004944  0.124616    0.00014387  0.067678    0.00006946  0.081205    0.00007018  0.362144    0.00028137
133         1598100i.fits  56259.4492  2012  11  28    0.227694   1.607  0.047710    0.00013943  0.045524    0.00012333  0.062978    0.00011102  0.029572    0.00004828  0.022261    0.00003174  0.046399    0.00005239  0.125724    0.00014437  0.076415    0.00007745  0.082403    0.00006756  0.376070    0.00026709
134         1598101i.fits  56259.4648  2012  11  28    0.226715   1.611  0.047382    0.00013696  0.048576    0.00013374  0.064102    0.00011356  0.028033    0.00004528  0.021186    0.00002966  0.046051    0.00005112  0.129013    0.00014382  0.076180    0.00007675  0.080472    0.00006663  0.381440    0.00027324
135         1598400i.fits  56260.2734  2012  11  29    0.135223   2.172  0.048684    0.00008307  0.046469    0.00007349  0.053188    0.00005696  0.029265    0.00002948  0.021353    0.00001840  0.035073    0.00002401  0.117614    0.00007948  0.056440    0.00003450  0.076553    0.00004230  0.338272    0.00017312
136         1598401i.fits  56260.2891  2012  11  29    0.148011   2.074  0.050546    0.00009425  0.043872    0.00007481  0.057132    0.00006689  0.026455    0.00002814  0.023402    0.00002161  0.037571    0.00002638  0.118400    0.00008247  0.060158    0.00003715  0.077054    0.00004122  0.355030    0.00018009
137         1598402i.fits  56260.3047  2012  11  29    0.162437   1.973  0.048815    0.00010196  0.047939    0.00009136  0.057112    0.00007285  0.026863    0.00003063  0.024313    0.00002387  0.040636    0.00003109  0.114002    0.00008533  0.066578    0.00004474  0.070826    0.00003986  0.362545    0.00018227
138         1598403i.fits  56260.3203  2012  11  29    0.172571   1.908  0.048776    0.00010768  0.043361    0.00008707  0.059265    0.00008013  0.028957    0.00003619  0.024798    0.00002586  0.043415    0.00003433  0.130511    0.00010235  0.067296    0.00004738  0.076779    0.00004467  0.362142    0.00018188
139         1598562i.fits  56261.3555  2012  11  30    0.142794   2.113  0.046090    0.00008643  0.043520    0.00007472  0.058703    0.00006731  0.028161    0.00002932  0.027101    0.00002387  0.044133    0.00003084  0.122872    0.00008237  0.069327    0.00004234  0.086859    0.00004229  0.365646    0.00015523
140         1598563i.fits  56261.3672  2012  11  30    0.165234   1.955  0.045591    0.00009712  0.044478    0.00008793  0.053889    0.00007030  0.028187    0.00003427  0.025775    0.00002698  0.040734    0.00003294  0.122596    0.00009645  0.066905    0.00004793  0.085421    0.00004951  0.371284    0.00018572
141         1598564i.fits  56261.3828  2012  11  30    0.103543   2.462  0.046173    0.00005314  0.034706    0.00003799  0.034259    0.00003164  0.020310    0.00001781  0.024631    0.00002051  0.012239    0.00000905  0.088885    0.00006471  0.036204    0.00002606  0.055044    0.00003788  0.291938    0.00018415
142         1598565i.fits  56261.3984  2012  11  30    0.054667   3.156  0.043523    0.00002260  0.024445    0.00001244  0.021374    0.00001159  0.015408    0.00000807  0.020243    0.00001004  0.003153    0.00000157  0.068468    0.00003277  0.023031    0.00001130  0.049297    0.00002357  0.259022    0.00012543
143         1598830i.fits  56262.4727  2012  12   1    0.136653   2.161  0.046947    0.00008623  0.044941    0.00007545  0.057960    0.00006054  0.027053    0.00002589  0.023571    0.00001864  0.048242    0.00002875  0.126736    0.00007371  0.077721    0.00003922  0.088878    0.00003524  0.413180    0.00013637
144         1598831i.fits  56262.4883  2012  12   1    0.154861   2.025  0.048778    0.00010110  0.045690    0.00008667  0.059482    0.00006880  0.030481    0.00003246  0.022989    0.00002031  0.048634    0.00003146  0.130511    0.00008426  0.080721    0.00004424  0.089125    0.00003757  0.396686    0.00013638
145         1598832i.fits  56262.5039  2012  12   1    0.149141   2.066  0.048409    0.00009928  0.043330    0.00007900  0.059175    0.00006633  0.029857    0.00003075  0.027064    0.00002340  0.049647    0.00003093  0.132482    0.00008199  0.077482    0.00004146  0.079216    0.00003201  0.376240    0.00012358
146         1598833i.fits  56262.5195  2012  12   1    0.033527   3.687  0.047799    0.00001514  0.034336    0.00001119  0.005968    0.00000187  0.015111    0.00000467  0.024770    0.00000750  0.002464    0.00000070  0.072007    0.00002045  0.020812    0.00000599  0.058714    0.00001616  0.265557    0.00007295
147         1599097i.fits  56263.4258  2012  12   2    0.107004   2.426  0.045427    0.00006586  0.043529    0.00005704  0.061547    0.00004972  0.031094    0.00002290  0.028836    0.00001766  0.050941    0.00002318  0.131254    0.00005860  0.080840    0.00003156  0.099903    0.00002968  0.424835    0.00010610
148         1599098i.fits  56263.4414  2012  12   2    0.126828   2.242  0.047860    0.00008371  0.047382    0.00007461  0.059396    0.00005534  0.034631    0.00003034  0.029254    0.00002105  0.050243    0.00002612  0.131730    0.00006681  0.082823    0.00003711  0.090279    0.00003004  0.413652    0.00011280
149         1599099i.fits  56263.4570  2012  12   2    0.137884   2.151  0.046213    0.00008802  0.043570    0.00007478  0.063416    0.00006567  0.032609    0.00003102  0.026716    0.00002087  0.048962    0.00002775  0.136841    0.00007842  0.081989    0.00003957  0.073759    0.00002666  0.403602    0.00011787
150         1599100i.fits  56263.4727  2012  12   2    0.075001   2.812  0.045800    0.00004565  0.045275    0.00004102  0.056827    0.00003273  0.029678    0.00001550  0.029423    0.00001315  0.042532    0.00001469  0.126710    0.00004326  0.070907    0.00002124  0.084936    0.00001987  0.372461    0.00007934
151         1599363i.fits  56265.4922  2012  12   4    0.203969   1.726  0.046307    0.00012844  0.047387    0.00012097  0.063253    0.00009802  0.032604    0.00004571  0.027361    0.00003177  0.054430    0.00004523  0.136926    0.00011604  0.085437    0.00005878  0.090133    0.00004600  0.424573    0.00016349
152         1599364i.fits  56265.5078  2012  12   4    0.185741   1.828  0.047189    0.00012027  0.045861    0.00010496  0.060547    0.00008370  0.032336    0.00004037  0.024170    0.00002467  0.051526    0.00003863  0.151792    0.00011262  0.088524    0.00005887  0.099234    0.00004507  0.432836    0.00015555
153         1599365i.fits  56265.5234  2012  12   4    0.177406   1.878  0.049413    0.00012011  0.044925    0.00009812  0.065022    0.00008748  0.031313    0.00003748  0.023959    0.00002377  0.053155    0.00003800  0.137696    0.00009554  0.084847    0.00004963  0.095778    0.00004302  0.447809    0.00015091
154         1599366i.fits  56265.5352  2012  12   4    0.169971   1.924  0.048397    0.00011266  0.046441    0.00009861  0.062940    0.00008102  0.032175    0.00003678  0.025323    0.00002391  0.052969    0.00003566  0.143509    0.00009630  0.086682    0.00004904  0.099378    0.00004173  0.457994    0.00014297
155         1600131i.fits  56268.3711  2012  12   7    0.191914   1.792  0.047933    0.00012442  0.045828    0.00010808  0.062728    0.00009117  0.033559    0.00004478  0.026537    0.00002886  0.053867    0.00004415  0.138595    0.00010941  0.088203    0.00005989  0.089901    0.00004514  0.445052    0.00017062
156         1600132i.fits  56268.3867  2012  12   7    0.203551   1.728  0.047772    0.00013115  0.045747    0.00011449  0.063273    0.00009888  0.033229    0.00004704  0.026184    0.00003011  0.056706    0.00004947  0.146205    0.00012383  0.088391    0.00006454  0.097803    0.00005237  0.459696    0.00018490
157         1600133i.fits  56268.4023  2012  12   7    0.144755   2.098  0.049228    0.00009718  0.047649    0.00008557  0.062558    0.00006968  0.032017    0.00003260  0.028129    0.00002316  0.055912    0.00003547  0.146782    0.00008907  0.086217    0.00004394  0.110850    0.00004292  0.482614    0.00013989
158         1600134i.fits  56268.4180  2012  12   7    0.170275   1.922  0.047103    0.00010943  0.048731    0.00010395  0.064395    0.00008416  0.032529    0.00003788  0.026949    0.00002585  0.056437    0.00004065  0.137965    0.00009523  0.088645    0.00005222  0.083573    0.00003548  0.469214    0.00015491
159         1600410i.fits  56269.4414  2012  12   8    0.156555   2.013  0.047157    0.00010057  0.046257    0.00009000  0.064408    0.00007693  0.028725    0.00003099  0.028446    0.00002545  0.052123    0.00003347  0.143194    0.00009179  0.089932    0.00004926  0.094557    0.00003794  0.455563    0.00014196
160         1600411i.fits  56269.4570  2012  12   8    0.168566   1.933  0.048400    0.00011100  0.046599    0.00009668  0.063321    0.00008041  0.031765    0.00003716  0.025776    0.00002502  0.055351    0.00004280  0.139211    0.00009583  0.089148    0.00005242  0.093667    0.00004064  0.433342    0.00014156
161         1600412i.fits  56269.4727  2012  12   8    0.175985   1.886  0.048688    0.00011638  0.046332    0.00010055  0.062669    0.00008416  0.031733    0.00003842  0.025506    0.00002539  0.053751    0.00003936  0.135189    0.00009614  0.083470    0.00005038  0.091079    0.00004065  0.449035    0.00015464
162         1600413i.fits  56269.4883  2012  12   8    0.173761   1.900  0.045756    0.00010879  0.044879    0.00009622  0.061738    0.00008024  0.031997    0.00003828  0.026962    0.00002671  0.054883    0.00003974  0.142024    0.00009892  0.085428    0.00005086  0.099063    0.00004487  0.457278    0.00015547
163         1600690i.fits  56270.4180  2012  12   9    0.114696   2.351  0.046281    0.00007350  0.045500    0.00006522  0.060230    0.00005042  0.029594    0.00002265  0.023308    0.00001464  0.053124    0.00002412  0.145037    0.00006480  0.083969    0.00003213  0.083811    0.00002262  0.457288    0.00010212
164         1600691i.fits  56270.4297  2012  12   9    0.125482   2.254  0.049029    0.00008560  0.044065    0.00006822  0.061204    0.00005580  0.030368    0.00002545  0.024607    0.00001711  0.053931    0.00002663  0.141850    0.00007063  0.092892    0.00003827  0.105780    0.00003194  0.424312    0.00009969
165         1600692i.fits  56270.4453  2012  12   9    0.129925   2.216  0.048535    0.00008683  0.046132    0.00007456  0.064089    0.00006093  0.032568    0.00002815  0.022297    0.00001556  0.053140    0.00002701  0.140620    0.00007010  0.086912    0.00003693  0.094059    0.00002943  0.404170    0.00009720
166         1600693i.fits  56270.4609  2012  12   9    0.138533   2.146  0.047389    0.00009039  0.046215    0.00008008  0.061278    0.00006176  0.030427    0.00002779  0.017985    0.00001329  0.058035    0.00003163  0.138252    0.00007419  0.085917    0.00003909  0.097852    0.00003261  0.473072    0.00011960
167         1600913i.fits  56271.3516  2012  12  10    0.155526   2.020  0.046234    0.00009751  0.045083    0.00008609  0.061432    0.00006925  0.032699    0.00003392  0.021510    0.00001830  0.052999    0.00003215  0.140970    0.00008562  0.089145    0.00004575  0.091432    0.00003471  0.420062    0.00011855
168         1600914i.fits  56271.3672  2012  12  10    0.160370   1.987  0.046990    0.00010241  0.046305    0.00009161  0.059912    0.00006832  0.030573    0.00003287  0.020341    0.00001753  0.057635    0.00003705  0.147673    0.00009251  0.088687    0.00004628  0.099287    0.00003881  0.438309    0.00012984
169         1600915i.fits  56271.3828  2012  12  10    0.160766   1.985  0.045566    0.00010005  0.044519    0.00008777  0.060875    0.00007054  0.032964    0.00003582  0.021927    0.00001920  0.054369    0.00003440  0.136001    0.00008447  0.090017    0.00004761  0.096986    0.00003730  0.440291    0.00012967
170         1600916i.fits  56271.3945  2012  12  10    0.152936   2.039  0.045596    0.00009524  0.045267    0.00008556  0.063215    0.00007004  0.030513    0.00003089  0.021738    0.00001840  0.053120    0.00003129  0.140668    0.00008273  0.087064    0.00004293  0.105245    0.00003881  0.450486    0.00012485
171         1769715i.fits  57011.4023  2014  12  20    0.219183   1.648  0.039510    0.00011658  0.039103    0.00010634  0.052909    0.00008686  0.026470    0.00004004  0.019499    0.00002424  0.043524    0.00004219  0.100477    0.00009507  0.065760    0.00005037  0.055749    0.00003159  0.265232    0.00012047
172         1769716i.fits  57011.4141  2014  12  20    0.217481   1.656  0.036894    0.00010808  0.037309    0.00010074  0.055641    0.00009103  0.025823    0.00003841  0.016286    0.00002006  0.042986    0.00004031  0.106678    0.00009895  0.065310    0.00004951  0.066462    0.00003784  0.256046    0.00011631
173         1769717i.fits  57011.4297  2014  12  20    0.196353   1.767  0.038693    0.00010233  0.038898    0.00009465  0.051823    0.00007572  0.027324    0.00003689  0.019373    0.00002162  0.044364    0.00003869  0.104811    0.00008483  0.065859    0.00004430  0.066093    0.00003300  0.278720    0.00011050
174         1769718i.fits  57011.4414  2014  12  20    0.184289   1.836  0.038528    0.00009600  0.037854    0.00008671  0.054789    0.00007592  0.027283    0.00003423  0.021431    0.00002268  0.046063    0.00003711  0.099984    0.00007452  0.065547    0.00004069  0.072995    0.00003448  0.282702    0.00010607
175         1770078i.fits  57012.3750  2014  12  21    0.191077   1.797  0.039199    0.00010107  0.038167    0.00008931  0.052583    0.00007565  0.028509    0.00003742  0.017974    0.00001938  0.046918    0.00003944  0.106500    0.00008376  0.068764    0.00004516  0.071304    0.00003555  0.282633    0.00010827
176         1770079i.fits  57012.3867  2014  12  21    0.190985   1.798  0.038423    0.00009798  0.038952    0.00009163  0.054362    0.00007939  0.026431    0.00003414  0.020836    0.00002246  0.042643    0.00003524  0.107654    0.00008301  0.068810    0.00004466  0.077240    0.00003847  0.274518    0.00010850
177         1770080i.fits  57012.4023  2014  12  21    0.168801   1.932  0.038689    0.00008723  0.037772    0.00007872  0.052301    0.00006629  0.025048    0.00002835  0.021487    0.00002043  0.043736    0.00003219  0.115914    0.00008316  0.068654    0.00004050  0.079357    0.00003455  0.246925    0.00008437
178         1770081i.fits  57012.4141  2014  12  21    0.169132   1.929  0.036719    0.00008359  0.035946    0.00007519  0.052167    0.00006620  0.024139    0.00002746  0.017013    0.00001615  0.042525    0.00003170  0.112645    0.00007904  0.066015    0.00003791  0.070744    0.00003061  0.291788    0.00009822
179         1770264i.fits  57013.4141  2014  12  22    0.065263   2.963  0.027066    0.00002316  0.028729    0.00002216  0.032505    0.00001613  0.023765    0.00001121  0.011759    0.00000460  0.030199    0.00000957  0.093165    0.00003120  0.067814    0.00001864  0.062973    0.00001434  0.233079    0.00004443
180         1770265i.fits  57013.4258  2014  12  22    0.064275   2.980  0.030365    0.00002586  0.032074    0.00002503  0.028523    0.00001401  0.025485    0.00001234  0.014504    0.00000566  0.031573    0.00000982  0.118051    0.00003602  0.063057    0.00001683  0.057770    0.00001265  0.186475    0.00003459
181         1770266i.fits  57013.4375  2014  12  22    0.065455   2.960  0.031921    0.00002728  0.033260    0.00002624  0.025106    0.00001253  0.024099    0.00001127  0.017037    0.00000670  0.030550    0.00001114  0.099004    0.00002968  0.060594    0.00001626  0.101012    0.00002341  0.083951    0.00001510
182         1770267i.fits  57013.4492  2014  12  22    0.067457   2.927  0.030461    0.00002736  0.029809    0.00002399  0.029875    0.00001552  0.023318    0.00001163  0.012601    0.00000507  0.028537    0.00001104  0.094701    0.00003132  0.066063    0.00001842  0.055420    0.00001255  0.112243    0.00002092
183         1771277i.fits  57020.3906  2014  12  29    0.106173   2.435  0.041409    0.00005975  0.037431    0.00004930  0.053637    0.00004358  0.027558    0.00002084  0.018367    0.00001141  0.044484    0.00002172  0.125371    0.00005850  0.080656    0.00003271  0.080180    0.00002455  0.345311    0.00008901
184         1771278i.fits  57020.4023  2014  12  29    0.109533   2.401  0.042738    0.00006348  0.037347    0.00005000  0.052636    0.00004304  0.028275    0.00002172  0.019097    0.00001200  0.045981    0.00002273  0.132302    0.00006353  0.081598    0.00003411  0.097631    0.00003196  0.348338    0.00009069
185         1771279i.fits  57020.4141  2014  12  29    0.104340   2.454  0.040685    0.00005635  0.038365    0.00004830  0.052084    0.00004022  0.030665    0.00002243  0.020950    0.00001235  0.048538    0.00002327  0.126254    0.00005966  0.079981    0.00003122  0.077862    0.00002290  0.280028    0.00006718
186         1771280i.fits  57020.4258  2014  12  29    0.104255   2.455  0.039102    0.00005456  0.039914    0.00005165  0.056599    0.00004519  0.029259    0.00002136  0.021306    0.00001258  0.041994    0.00001920  0.109323    0.00005195  0.076740    0.00002990  0.068669    0.00002032  0.306347    0.00007301
187         1771710i.fits  57021.3320  2014  12  30    0.089704   2.618  0.040114    0.00004962  0.037237    0.00004127  0.046492    0.00003112  0.029317    0.00001875  0.021771    0.00001129  0.043432    0.00001781  0.108584    0.00004311  0.078083    0.00002712  0.074949    0.00001948  0.288169    0.00006118
188         1771711i.fits  57021.3438  2014  12  30    0.083946   2.690  0.039652    0.00004580  0.036326    0.00003827  0.048362    0.00003093  0.028458    0.00001683  0.015786    0.00000759  0.041600    0.00001511  0.120078    0.00004571  0.078526    0.00002465  0.095906    0.00002455  0.313449    0.00006309
189         1771712i.fits  57021.3555  2014  12  30    0.087673   2.643  0.038534    0.00004565  0.038427    0.00004179  0.048922    0.00003245  0.032228    0.00002001  0.018828    0.00000942  0.040932    0.00001712  0.118897    0.00004828  0.080208    0.00002636  0.095248    0.00002513  0.300503    0.00006464
190         1771713i.fits  57021.3711  2014  12  30    0.090144   2.613  0.037648    0.00004572  0.036452    0.00004032  0.045741    0.00003078  0.028231    0.00001793  0.020262    0.00001063  0.044949    0.00001912  0.126895    0.00005098  0.078703    0.00002722  0.112144    0.00003128  0.319186    0.00007167
191         1772369i.fits  57029.3789  2015   1   7    0.209078   1.699  0.043904    0.00012337  0.043043    0.00010986  0.060311    0.00009571  0.031792    0.00004604  0.021047    0.00002519  0.054661    0.00004936  0.135774    0.00012099  0.085140    0.00006356  0.095593    0.00005371  0.374997    0.00016270
192         1772370i.fits  57029.3906  2015   1   7    0.209156   1.699  0.043869    0.00012391  0.046309    0.00011975  0.060209    0.00009442  0.029578    0.00004275  0.021028    0.00002527  0.055854    0.00005148  0.132800    0.00011654  0.086396    0.00006461  0.077124    0.00004258  0.398808    0.00017482
193         1772371i.fits  57029.4023  2015   1   7    0.203315   1.730  0.044558    0.00012318  0.045232    0.00011395  0.060077    0.00009281  0.029853    0.00004252  0.023321    0.00002759  0.052930    0.00004661  0.139517    0.00012182  0.084006    0.00006088  0.079925    0.00004370  0.397222    0.00017384
194         1772372i.fits  57029.4141  2015   1   7    0.200304   1.746  0.042729    0.00011470  0.043620    0.00010607  0.060585    0.00009045  0.029383    0.00004066  0.020505    0.00002348  0.052687    0.00004476  0.131627    0.00011278  0.082829    0.00005863  0.103411    0.00005699  0.392600    0.00016392
195         1772714i.fits  57030.3359  2015   1   8    0.166581   1.946  0.040334    0.00009145  0.040097    0.00008217  0.055184    0.00007074  0.029004    0.00003298  0.018722    0.00001752  0.051271    0.00003740  0.125075    0.00008542  0.079217    0.00004662  0.084290    0.00003779  0.361500    0.00012895
196         1772715i.fits  57030.3477  2015   1   8    0.155696   2.019  0.039128    0.00008242  0.042649    0.00008365  0.054658    0.00006313  0.026680    0.00002799  0.019469    0.00001695  0.048030    0.00003052  0.112620    0.00007125  0.077672    0.00004137  0.093678    0.00003968  0.341235    0.00010898
197         1772716i.fits  57030.3633  2015   1   8    0.158208   2.002  0.038875    0.00008340  0.040095    0.00007779  0.054441    0.00006436  0.029997    0.00003278  0.019574    0.00001733  0.050311    0.00003348  0.122405    0.00008363  0.080844    0.00004476  0.094983    0.00003998  0.318101    0.00010186
198         1772717i.fits  57030.3750  2015   1   8    0.152851   2.039  0.041321    0.00008728  0.042885    0.00008243  0.053390    0.00006206  0.027154    0.00002819  0.019197    0.00001669  0.047552    0.00003034  0.125646    0.00007774  0.083074    0.00004339  0.071668    0.00002797  0.333756    0.00010641
199         1772915i.fits  57031.3320  2015   1   9    0.212720   1.680  0.041140    0.00011828  0.040564    0.00010604  0.054809    0.00008657  0.022923    0.00003294  0.021546    0.00002621  0.049096    0.00004448  0.122380    0.00010551  0.076817    0.00005510  0.084668    0.00004533  0.349271    0.00014638
200         1772916i.fits  57031.3438  2015   1   9    0.205278   1.719  0.040318    0.00011218  0.040235    0.00010118  0.055589    0.00008484  0.027431    0.00003798  0.017978    0.00002045  0.047434    0.00004034  0.116895    0.00009905  0.076418    0.00005309  0.080213    0.00004078  0.351219    0.00014196
201         1772917i.fits  57031.3594  2015   1   9    0.221310   1.637  0.040736    0.00012137  0.040047    0.00010876  0.054161    0.00008955  0.028567    0.00004305  0.018833    0.00002359  0.047339    0.00004300  0.115177    0.00010540  0.069457    0.00005245  0.082845    0.00004706  0.316121    0.00013604
202         1772918i.fits  57031.3711  2015   1   9    0.215814   1.665  0.039265    0.00011552  0.038919    0.00010432  0.053879    0.00008775  0.025707    0.00003736  0.019101    0.00002393  0.047722    0.00004336  0.114603    0.00009995  0.077009    0.00005701  0.103966    0.00005920  0.322332    0.00013889
203         1773156i.fits  57032.3320  2015   1  10    0.133340   2.188  0.031779    0.00005543  0.036544    0.00005916  0.040186    0.00004034  0.025030    0.00002313  0.017536    0.00001365  0.040967    0.00002562  0.109555    0.00006384  0.067354    0.00003366  0.090402    0.00003623  0.251324    0.00008102
204         1773157i.fits  57032.3477  2015   1  10    0.154580   2.027  0.034954    0.00007147  0.034775    0.00006547  0.043223    0.00005046  0.024160    0.00002717  0.016009    0.00001457  0.041687    0.00003008  0.111490    0.00007829  0.066058    0.00003910  0.071932    0.00003322  0.294104    0.00011376
205         1773158i.fits  57032.3594  2015   1  10    0.150974   2.053  0.036813    0.00007399  0.034823    0.00006429  0.043096    0.00004931  0.025781    0.00002748  0.015268    0.00001346  0.040151    0.00002732  0.106257    0.00007125  0.061784    0.00003624  0.074434    0.00003385  0.262918    0.00009868
206         1773159i.fits  57032.3711  2015   1  10    0.154597   2.027  0.035873    0.00007227  0.035035    0.00006434  0.044264    0.00005115  0.024872    0.00002636  0.017114    0.00001517  0.042183    0.00002884  0.114326    0.00007867  0.065295    0.00003722  0.064917    0.00002875  0.238722    0.00008793
207         1773360i.fits  57033.3828  2015   1  11    0.281894   1.375  0.036934    0.00013670  0.037071    0.00012667  0.044596    0.00009666  0.023916    0.00004661  0.018604    0.00003061  0.044544    0.00005763  0.116013    0.00014216  0.068877    0.00007038  0.080566    0.00006305  0.288451    0.00017701
208         1773361i.fits  57033.3984  2015   1  11    0.264807   1.443  0.037250    0.00013239  0.037486    0.00012290  0.046872    0.00009529  0.027540    0.00005101  0.020602    0.00003177  0.043948    0.00005141  0.116807    0.00013354  0.071869    0.00006891  0.089320    0.00006769  0.299065    0.00016567
209         1773362i.fits  57033.4180  2015   1  11    0.253219   1.491  0.038546    0.00013079  0.039904    0.00012409  0.046664    0.00008894  0.027020    0.00004773  0.020807    0.00003009  0.047665    0.00005381  0.117210    0.00012546  0.072212    0.00006509  0.077719    0.00005288  0.331753    0.00017958
210         1773363i.fits  57033.4375  2015   1  11    0.253090   1.492  0.040650    0.00013881  0.040998    0.00012989  0.048517    0.00009438  0.028182    0.00005044  0.021730    0.00003210  0.046504    0.00005231  0.113598    0.00012420  0.074270    0.00006775  0.075268    0.00005078  0.337183    0.00018386
211         1773642i.fits  57034.3086  2015   1  12    0.254992   1.484  0.039207    0.00013219  0.037489    0.00011589  0.043879    0.00008698  0.022455    0.00004003  0.019408    0.00002918  0.041921    0.00004827  0.105962    0.00012058  0.066827    0.00006383  0.069126    0.00005100  0.265228    0.00015218
212         1773643i.fits  57034.3242  2015   1  12    0.253199   1.491  0.038292    0.00012777  0.038287    0.00011736  0.043677    0.00008430  0.025573    0.00004602  0.017456    0.00002617  0.042453    0.00004920  0.108013    0.00012027  0.071021    0.00006779  0.064457    0.00004681  0.273485    0.00015780
213         1773644i.fits  57034.3438  2015   1  12    0.256052   1.479  0.038063    0.00012817  0.037596    0.00011655  0.041955    0.00008160  0.026617    0.00004870  0.018202    0.00002753  0.044104    0.00005128  0.114584    0.00013019  0.068157    0.00006633  0.081944    0.00006100  0.275710    0.00015903
214         1773645i.fits  57034.3633  2015   1  12    0.263125   1.450  0.038115    0.00013161  0.036346    0.00011543  0.043699    0.00008724  0.026820    0.00005038  0.019263    0.00003001  0.042603    0.00005075  0.111525    0.00013313  0.070922    0.00007131  0.070885    0.00005381  0.294895    0.00018175
215         1773812i.fits  57035.2305  2015   1  13    0.209832   1.695  0.044431    0.00012535  0.042635    0.00011068  0.058279    0.00009534  0.029376    0.00004329  0.021311    0.00002642  0.050828    0.00004624  0.132555    0.00011923  0.078851    0.00005961  0.077129    0.00004220  0.382628    0.00016550
216         1773813i.fits  57035.2422  2015   1  13    0.227030   1.610  0.043643    0.00013316  0.043406    0.00012158  0.057428    0.00010132  0.029851    0.00004740  0.022000    0.00002899  0.050830    0.00005046  0.130737    0.00012667  0.081310    0.00006692  0.084606    0.00005168  0.375592    0.00017837
217         1773814i.fits  57035.2539  2015   1  13    0.231759   1.587  0.043814    0.00013747  0.043174    0.00012390  0.057129    0.00010267  0.028762    0.00004637  0.021657    0.00002934  0.051036    0.00005208  0.122968    0.00012311  0.082529    0.00007023  0.088085    0.00005571  0.399070    0.00019975
218         1773815i.fits  57035.2656  2015   1  13    0.236350   1.566  0.043179    0.00013811  0.045725    0.00013288  0.056779    0.00010413  0.029436    0.00004862  0.022945    0.00003167  0.050766    0.00005314  0.134034    0.00013820  0.081221    0.00006974  0.080734    0.00005157  0.373613    0.00018449
219         1774085i.fits  57036.4258  2015   1  14    0.191835   1.793  0.044804    0.00011815  0.044220    0.00010582  0.058761    0.00008379  0.029082    0.00003784  0.020867    0.00002227  0.046935    0.00003988  0.127845    0.00010076  0.082704    0.00005325  0.081457    0.00003833  0.388521    0.00014221
220         1774086i.fits  57036.4375  2015   1  14    0.179313   1.866  0.041590    0.00010184  0.042753    0.00009574  0.059417    0.00008067  0.028843    0.00003460  0.021879    0.00002205  0.054316    0.00004153  0.125466    0.00008866  0.087000    0.00005185  0.078236    0.00003368  0.391275    0.00013404
221         1774087i.fits  57036.4492  2015   1  14    0.195734   1.771  0.044270    0.00012032  0.043729    0.00010739  0.058250    0.00008555  0.028813    0.00003869  0.023608    0.00002612  0.053907    0.00004461  0.139324    0.00011385  0.084533    0.00005628  0.086363    0.00004210  0.399444    0.00015444
222         1774088i.fits  57036.4609  2015   1  14    0.196096   1.769  0.044478    0.00012012  0.045632    0.00011282  0.056660    0.00008355  0.030031    0.00004099  0.021507    0.00002368  0.053152    0.00004421  0.123579    0.00009744  0.084720    0.00005712  0.086055    0.00004182  0.373705    0.00014154
223         1774359i.fits  57037.1914  2015   1  15    0.230992   1.591  0.040373    0.00012118  0.039670    0.00011031  0.047310    0.00008856  0.029030    0.00005010  0.019280    0.00002832  0.033207    0.00003884  0.102826    0.00010997  0.066947    0.00005665  0.080994    0.00005209  0.324369    0.00019349
224         1774360i.fits  57037.2031  2015   1  15    0.200254   1.746  0.042718    0.00011575  0.043110    0.00010765  0.058407    0.00008882  0.031319    0.00004302  0.017878    0.00002002  0.051844    0.00004348  0.119251    0.00009832  0.081682    0.00005588  0.084463    0.00004246  0.389715    0.00015290
225         1774361i.fits  57037.2148  2015   1  15    0.195934   1.770  0.044438    0.00011852  0.044573    0.00010882  0.061231    0.00009252  0.029347    0.00003917  0.019581    0.00002154  0.051698    0.00004283  0.122051    0.00009793  0.083738    0.00005614  0.081812    0.00004043  0.397775    0.00015188
226         1774362i.fits  57037.2266  2015   1  15    0.198933   1.753  0.044813    0.00012137  0.041619    0.00010312  0.062476    0.00009506  0.030506    0.00004155  0.024579    0.00002762  0.052239    0.00004492  0.125222    0.00010114  0.081294    0.00005539  0.089643    0.00004588  0.384110    0.00014635
