# %ECSV 0.9
# ---
# datatype:
# - {name: wavelength, unit: micron, datatype: float32}
# - {name: flux, unit: erg / (Angstrom cm2 s), datatype: float32}
# meta: !!omap
# - __serialized_columns__:
#     flux:
#       __class__: astropy.units.quantity.Quantity
#       unit: !astropy.units.Unit {unit: erg / (Angstrom cm2 s)}
#       value: !astropy.table.SerializedColumn {name: flux}
#     wavelength:
#       __class__: astropy.units.quantity.Quantity
#       unit: !astropy.units.Unit {unit: micron}
#       value: !astropy.table.SerializedColumn {name: wavelength}
# schema: astropy-2.0
wavelength flux
0.330106 4.83044e-16
0.330344 -1.06583354e-16
0.330582 -8.203921e-16
0.33082 -3.7635905e-16
0.331058 2.868746e-16
0.331296 -7.115148e-16
0.331534 -2.549937e-16
0.331772 -4.7693387e-16
0.33201 5.452286e-17
0.332248 8.7209824e-16
0.332486 1.5597441e-16
0.332724 -5.540182e-16
0.332962 7.0361603e-16
0.3332 6.4309965e-16
0.333438 -1.8787388e-16
0.333676 -3.881149e-16
0.333914 -3.3420696e-16
0.334152 -1.8220486e-16
0.33439 4.4153511e-16
0.334628 -1.5668024e-16
0.334866 8.17648e-16
0.335104 2.0092597e-16
0.335342 -8.3306815e-17
0.33558 7.967599e-17
0.335818 9.910257e-17
0.336056 3.2131988e-16
0.336294 4.947572e-16
0.336532 4.558563e-17
0.33677 -2.9725692e-16
0.337008 -7.6427677e-16
0.337246 -6.3832445e-16
0.337484 -6.788888e-16
0.337722 -1.09167016e-16
0.33796 2.3856154e-16
0.338198 7.6839044e-16
0.338436 2.3657928e-17
0.338674 -6.552026e-16
0.338912 -5.374278e-16
0.33915 1.895662e-16
0.339388 2.987842e-17
0.339626 1.6803275e-16
0.339864 1.1440117e-16
0.340102 6.009759e-16
0.34034 -6.531482e-17
0.340578 -6.909178e-17
0.340816 -2.0347943e-16
0.341054 3.6202651e-16
0.341292 1.8604498e-16
0.34153 -1.4296073e-18
0.341768 -1.5019813e-16
0.342006 3.1238456e-16
0.342244 -1.9092068e-16
0.342482 -1.2335354e-16
0.34272 1.7731359e-16
0.342958 -2.4979277e-16
0.343196 -6.994865e-18
0.343434 9.316183e-16
0.343672 4.488486e-16
0.34391 2.9500813e-16
0.344148 6.3772444e-16
0.344386 2.3729003e-16
0.344624 3.244116e-16
0.344862 1.8449406e-16
0.3451 -5.7183505e-17
0.345338 1.0677234e-16
0.345576 2.7706892e-16
0.345814 5.282702e-16
0.346052 3.809829e-16
0.34629 6.0932956e-16
0.346528 4.407273e-16
0.346766 3.1235616e-16
0.347004 3.915414e-16
0.347242 -5.06908e-17
0.34748 2.1619171e-16
0.347718 2.3799352e-16
0.347956 7.74424e-16
0.348194 9.530861e-16
0.348432 2.8394387e-16
0.34867 2.0575935e-16
0.348908 3.94252e-16
0.349146 3.2666776e-16
0.349384 6.2105647e-16
0.349622 6.6886417e-16
0.34986 9.194851e-16
0.350098 5.5859276e-16
0.350336 5.4524247e-16
0.350574 3.1710926e-16
0.350812 2.1606414e-16
0.35105 3.863168e-16
0.351288 2.6048476e-16
0.351526 -4.8396515e-17
0.351764 6.385961e-18
0.352002 3.8823625e-16
0.35224 2.8450664e-16
0.352478 -5.277503e-18
0.352716 1.8857722e-16
0.352954 2.0467548e-16
0.353192 1.9592907e-16
0.35343 -1.8340206e-17
0.353668 2.7339002e-16
0.353906 5.1170097e-16
0.354144 2.6673165e-16
0.354382 3.2224148e-16
0.35462 7.3730417e-16
0.354858 4.4029863e-16
0.355096 1.7425536e-16
0.355334 4.3101176e-16
0.355572 2.483185e-16
0.35581 1.5566974e-16
0.356048 6.3255547e-16
0.356286 5.168352e-16
0.356524 1.1282785e-16
0.356762 5.9625005e-16
0.357 6.750887e-16
0.357238 4.7631225e-16
0.357476 3.550429e-17
0.357714 6.072286e-16
0.357952 1.9531686e-16
0.35819 3.0139132e-16
0.358428 5.3544235e-16
0.358666 6.892451e-16
0.358904 2.4777696e-16
0.359142 2.7049582e-16
0.35938 4.2657207e-16
0.359618 6.913225e-16
0.359856 4.675435e-16
0.360094 3.525904e-16
0.360332 3.2830624e-16
0.36057 3.5186193e-16
0.360808 6.181077e-16
0.361046 4.4346047e-16
0.361284 3.4847018e-16
0.361522 1.5732842e-16
0.36176 7.4990705e-17
0.361998 5.503331e-16
0.362236 6.210186e-16
0.362474 3.710495e-16
0.362712 3.0576836e-16
0.36295 2.2418728e-16
0.363188 4.993394e-16
0.363426 1.2756736e-16
0.363664 5.2522185e-18
0.363902 2.3299364e-16
0.36414 1.478156e-16
0.364378 -1.8005021e-16
0.364616 -1.0074252e-16
0.364854 -7.904453e-18
0.365092 1.990317e-16
0.36533 2.0464466e-16
0.365568 7.2662536e-16
0.365806 9.870927e-16
0.366044 6.8188037e-16
0.366282 4.5464446e-16
0.36652 5.315181e-16
0.366758 5.1746905e-16
0.366996 2.50342e-16
0.367234 3.9259652e-16
0.367472 4.6568664e-16
0.36771 7.0506054e-16
0.367948 4.7666896e-16
0.368186 5.6875356e-16
0.368424 4.3774697e-16
0.368662 5.3683667e-16
0.3689 5.710935e-16
0.369138 6.2727867e-16
0.369376 3.1531082e-16
0.369614 3.8771835e-17
0.369852 2.7185586e-16
0.37009 4.8145453e-16
0.370328 3.4012746e-16
0.370566 4.98859e-16
0.370804 3.1169648e-16
0.371042 1.8667926e-16
0.37128 9.70223e-17
0.371518 3.7501174e-16
0.371756 2.0613414e-16
0.371994 3.5345428e-16
0.372232 6.0904136e-16
0.37247 5.408831e-16
0.372708 3.5667962e-16
0.372946 2.2525425e-16
0.373184 5.282388e-16
0.373422 7.3740645e-16
0.37366 6.817262e-16
0.373898 5.4978373e-16
0.374136 3.583069e-16
0.374374 3.9052658e-16
0.374612 4.8464075e-16
0.37485 5.90443e-16
0.375088 7.629062e-16
0.375326 4.6813293e-16
0.375564 2.9791133e-16
0.375802 3.576382e-16
0.37604 6.8249336e-16
0.376278 4.0055706e-16
0.376516 2.9717344e-16
0.376754 5.377949e-16
0.376992 7.6154694e-16
0.37723 5.208876e-16
0.377468 4.61732e-16
0.377706 4.9208686e-16
0.377944 5.868313e-16
0.378182 4.7179195e-16
0.37842 3.6566177e-16
0.378658 2.0914248e-16
0.378896 3.9825935e-16
0.379134 2.8200136e-16
0.379372 6.2906516e-16
0.37961 8.963168e-16
0.379848 8.739703e-16
0.380086 8.882097e-16
0.380324 6.74677e-16
0.380562 4.2642113e-16
0.3808 3.7859924e-16
0.381038 3.003107e-16
0.381276 2.4866648e-16
0.381514 3.1238652e-16
0.381752 2.7135262e-16
0.38199 3.9392347e-16
0.382228 4.6966214e-16
0.382466 3.9353955e-16
0.382704 6.4766574e-16
0.382942 7.261513e-16
0.38318 8.005562e-16
0.383418 1.0479891e-15
0.383656 1.1390707e-15
0.383894 7.8214117e-16
0.384132 4.509542e-16
0.38437 4.57952e-16
0.384608 2.6651823e-16
0.384846 2.806474e-16
0.385084 5.4543155e-17
0.385322 9.764585e-17
0.38556 2.706526e-16
0.385798 3.473485e-16
0.386036 1.1457588e-16
0.386274 1.2466893e-16
0.386512 6.701319e-17
0.38675 9.935316e-17
0.386988 3.3385268e-17
0.387226 1.8612056e-16
0.387464 3.4544584e-16
0.387702 3.259228e-16
0.38794 4.0907467e-16
0.388178 3.5434202e-16
0.388416 5.3475556e-16
0.388654 8.8406205e-16
0.388892 1.2326671e-15
0.38913 9.134686e-16
0.389368 8.139357e-16
0.389606 7.23806e-16
0.389844 5.296627e-16
0.390082 5.4781083e-16
0.39032 4.7356066e-16
0.390558 4.7728893e-16
0.390796 2.8466996e-16
0.391034 3.8226523e-16
0.391272 1.8185926e-16
0.39151 2.7315926e-16
0.391748 1.8288495e-16
0.391986 4.0067194e-16
0.392224 3.1253282e-16
0.392462 1.5229696e-16
0.3927 3.9965873e-16
0.392938 5.201596e-16
0.393176 7.5078565e-16
0.393414 8.950052e-16
0.393652 6.7618497e-16
0.39389 2.9608746e-16
0.394128 2.5243575e-16
0.394366 7.313831e-17
0.394604 2.4099898e-16
0.394842 3.0017432e-16
0.39508 2.5968688e-16
0.395318 3.0901877e-16
0.395556 2.671855e-16
0.395794 2.1164391e-16
0.396032 5.870022e-16
0.39627 5.608888e-16
0.396508 1.0317448e-15
0.396746 1.484547e-15
0.396984 1.4848673e-15
0.397222 1.0288532e-15
0.39746 6.4435723e-16
0.397698 3.7017621e-16
0.397936 3.148325e-16
0.398174 2.4409375e-16
0.398412 2.093215e-16
0.39865 2.5782457e-16
0.398888 3.4312058e-16
0.399126 4.2162298e-16
0.399364 4.5239273e-16
0.399602 4.4443146e-16
0.39984 3.111088e-16
0.400078 5.052536e-16
0.400316 6.4042854e-16
0.400554 6.8571473e-16
0.400792 4.5798595e-16
0.40103 6.3789765e-16
0.401268 9.089628e-16
0.401506 7.6416597e-16
0.401744 4.2931997e-16
0.401982 3.1966417e-16
0.40222 5.445547e-16
0.402458 5.6359254e-16
0.402696 3.602405e-16
0.402934 4.0794118e-16
0.403172 4.61083e-16
0.40341 2.865945e-16
0.403648 4.4789567e-16
0.403886 6.1720194e-16
0.404124 6.346926e-16
0.404362 5.3264804e-16
0.4046 4.49096e-16
0.404838 5.4225334e-16
0.405076 6.205918e-16
0.405314 4.87817e-16
0.405552 3.8436076e-16
0.40579 5.222403e-16
0.406028 5.3041997e-16
0.406266 4.2873732e-16
0.406504 4.7649516e-16
0.406742 9.654529e-16
0.40698 1.0400577e-15
0.407218 8.6151456e-16
0.407456 7.337002e-16
0.407694 6.935563e-16
0.407932 6.9452075e-16
0.40817 6.2553743e-16
0.408408 5.9610817e-16
0.408646 7.1371933e-16
0.408884 6.6293595e-16
0.409122 8.4515243e-16
0.40936 8.3121646e-16
0.409598 8.957931e-16
0.409836 1.2787956e-15
0.410074 1.7266968e-15
0.410312 1.566794e-15
0.41055 1.3400937e-15
0.410788 9.278558e-16
0.411026 8.0180896e-16
0.411264 6.8589017e-16
0.411502 6.379973e-16
0.41174 8.2358983e-16
0.411978 8.7725683e-16
0.412216 8.266907e-16
0.412454 8.119428e-16
0.412692 7.1764544e-16
0.41293 6.5133514e-16
0.413168 5.682417e-16
0.413406 6.0992794e-16
0.413644 8.0608293e-16
0.413882 8.6582067e-16
0.41412 9.108193e-16
0.414358 7.5546016e-16
0.414596 8.127371e-16
0.414834 5.7585487e-16
0.415072 8.1275485e-16
0.41531 6.993561e-16
0.415548 6.9647983e-16
0.415786 6.4113544e-16
0.416024 5.3731546e-16
0.416262 7.106765e-16
0.4165 5.9946486e-16
0.416738 8.062848e-16
0.416976 7.343939e-16
0.417214 5.330017e-16
0.417452 7.548803e-16
0.41769 6.565536e-16
0.417928 5.551893e-16
0.418166 5.4609103e-16
0.418404 5.157181e-16
0.418642 7.3481035e-16
0.41888 8.0593676e-16
0.419118 7.4465096e-16
0.419356 6.5550387e-16
0.419594 7.834385e-16
0.419832 6.557977e-16
0.42007 5.2873025e-16
0.420308 5.6247726e-16
0.420546 6.568146e-16
0.420784 8.208965e-16
0.421022 8.487018e-16
0.42126 7.5293267e-16
0.421498 8.4065357e-16
0.421736 6.9300165e-16
0.421974 4.822954e-16
0.422212 5.1287305e-16
0.42245 4.5676273e-16
0.422688 5.010556e-16
0.422926 4.746632e-16
0.423164 5.650992e-16
0.423402 5.638684e-16
0.42364 4.0933386e-16
0.423878 4.4267014e-16
0.424116 5.11313e-16
0.424354 7.0217305e-16
0.424592 9.696896e-16
0.42483 8.772981e-16
0.425068 7.016205e-16
0.425306 7.086974e-16
0.425544 5.0240293e-16
0.425782 6.0613974e-16
0.42602 7.955546e-16
0.426258 8.936883e-16
0.426496 8.7377325e-16
0.426734 6.052591e-16
0.426972 6.4656063e-16
0.42721 6.310217e-16
0.427448 6.8670015e-16
0.427686 8.0840343e-16
0.427924 6.9329694e-16
0.428162 9.698944e-16
0.4284 8.326652e-16
0.428638 7.088043e-16
0.428876 4.1345587e-16
0.429114 5.167574e-16
0.429352 7.426932e-16
0.42959 6.3096665e-16
0.429828 5.875992e-16
0.430066 6.742217e-16
0.430304 7.3770566e-16
0.430542 6.3833705e-16
0.43078 4.880984e-16
0.431018 6.12166e-16
0.431256 8.1660747e-16
0.431494 7.9470516e-16
0.431732 9.878063e-16
0.43197 1.0720439e-15
0.432208 8.0287627e-16
0.432446 8.929351e-16
0.432684 1.0059114e-15
0.432922 1.0668318e-15
0.43316 1.3188539e-15
0.433398 1.3812455e-15
0.433636 1.8003484e-15
0.433874 2.1407398e-15
0.434112 2.3096937e-15
0.43435 1.7351937e-15
0.434588 1.3015709e-15
0.434826 1.1004826e-15
0.435064 1.0050003e-15
0.435302 9.85608e-16
0.43554 9.45727e-16
0.435778 9.752988e-16
0.436016 9.596188e-16
0.436254 9.160128e-16
0.436492 9.252565e-16
0.43673 1.0128894e-15
0.436968 1.0769564e-15
0.437206 1.1966172e-15
0.437444 1.1565497e-15
0.437682 8.948417e-16
0.43792 8.1749924e-16
0.438158 6.3148657e-16
0.438396 9.133927e-16
0.438634 1.0300608e-15
0.438872 1.0287615e-15
0.43911 8.3880704e-16
0.439348 1.0623628e-15
0.439586 1.1981347e-15
0.439824 1.1168073e-15
0.440062 1.0085083e-15
0.4403 1.0797786e-15
0.440538 1.0481011e-15
0.440776 1.0340895e-15
0.441014 1.0692802e-15
0.441252 1.1031547e-15
0.44149 1.0699938e-15
0.441728 1.3200239e-15
0.441966 1.2656667e-15
0.442204 1.2130753e-15
0.442442 1.2267886e-15
0.44268 1.2278585e-15
0.442918 1.2335121e-15
0.443156 1.1846627e-15
0.443394 1.1906622e-15
0.443632 1.2886149e-15
0.44387 1.2075937e-15
0.444108 1.1449468e-15
0.444346 1.270851e-15
0.444584 1.2998358e-15
0.444822 1.1623241e-15
0.44506 1.1596174e-15
0.445298 1.2351393e-15
0.445536 1.1857244e-15
0.445774 1.1654268e-15
0.446012 1.1818913e-15
0.44625 1.2462794e-15
0.446488 1.3371533e-15
0.446726 1.3928194e-15
0.446964 1.3954262e-15
0.447202 1.4586713e-15
0.44744 1.5778426e-15
0.447678 1.521069e-15
0.447916 1.4916769e-15
0.448154 1.4318285e-15
0.448392 1.3772537e-15
0.44863 1.4147309e-15
0.448868 1.6415252e-15
0.449106 1.5483601e-15
0.449344 1.2759444e-15
0.449582 1.2722904e-15
0.44982 1.3635562e-15
0.450058 1.5106727e-15
0.450296 1.5510428e-15
0.450534 1.4210183e-15
0.450772 1.4234679e-15
0.45101 1.5431767e-15
0.451248 1.5172787e-15
0.451486 1.4797457e-15
0.451724 1.5194603e-15
0.451962 1.6116373e-15
0.4522 1.5851126e-15
0.452438 1.3894718e-15
0.452676 1.220032e-15
0.452914 1.4174536e-15
0.453152 1.413089e-15
0.45339 1.4493642e-15
0.453628 1.4716355e-15
0.453866 1.464618e-15
0.454104 1.4243329e-15
0.454342 1.4892793e-15
0.45458 1.4726463e-15
0.454818 1.5114191e-15
0.455056 1.5282221e-15
0.455294 1.580728e-15
0.455532 1.5660147e-15
0.45577 1.6638569e-15
0.456008 1.7674824e-15
0.456246 1.7290261e-15
0.456484 1.7904593e-15
0.456722 2.085778e-15
0.45696 2.0903248e-15
0.457198 2.0556272e-15
0.457436 2.0761891e-15
0.457674 1.8882245e-15
0.457912 1.8841117e-15
0.45815 1.9297903e-15
0.458388 1.9465804e-15
0.458626 2.0222808e-15
0.458864 1.9888454e-15
0.459102 1.8290033e-15
0.45934 1.6029661e-15
0.459578 1.59373e-15
0.459816 1.5694002e-15
0.460054 1.5632571e-15
0.460292 1.5639362e-15
0.46053 1.8030771e-15
0.460768 1.9740715e-15
0.461006 2.0983268e-15
0.461244 2.109384e-15
0.461482 1.9705203e-15
0.46172 1.9862177e-15
0.461958 1.959726e-15
0.462196 1.9576469e-15
0.462434 1.9109794e-15
0.462672 1.838671e-15
0.46291 2.0277276e-15
0.463148 1.8035839e-15
0.463386 1.7599027e-15
0.463624 1.8371528e-15
0.463862 1.652065e-15
0.4641 1.6119655e-15
0.464338 1.657247e-15
0.464576 1.724126e-15
0.464814 1.6814516e-15
0.465052 1.4984942e-15
0.46529 1.8538457e-15
0.465528 1.9184506e-15
0.465766 1.9971527e-15
0.466004 1.9365037e-15
0.466242 1.8163597e-15
0.46648 1.6785006e-15
0.466718 1.6468804e-15
0.466956 1.5701132e-15
0.467194 1.6399295e-15
0.467432 1.794327e-15
0.46767 1.7160404e-15
0.467908 1.7415565e-15
0.468146 1.6425686e-15
0.468384 1.7900949e-15
0.468622 1.9996978e-15
0.46886 1.7032767e-15
0.469098 1.8552878e-15
0.469336 1.9662953e-15
0.469574 1.9432151e-15
0.469812 1.8492421e-15
0.47005 1.928577e-15
0.470288 1.8366391e-15
0.470526 1.7547948e-15
0.470764 1.8166769e-15
0.471002 1.6676276e-15
0.47124 1.8804957e-15
0.471478 2.0683033e-15
0.471716 1.926547e-15
0.471954 2.1079628e-15
0.472192 2.108871e-15
0.47243 1.9977702e-15
0.472668 1.831898e-15
0.472906 1.7346143e-15
0.473144 1.9001115e-15
0.473382 1.8022523e-15
0.47362 1.9029154e-15
0.473858 1.7912038e-15
0.474096 2.0098565e-15
0.474334 2.0590924e-15
0.474572 2.0152576e-15
0.47481 2.0483681e-15
0.475048 1.9830862e-15
0.475286 1.9760866e-15
0.475524 1.757193e-15
0.475762 1.7660925e-15
0.476 1.7320606e-15
0.476238 1.7329675e-15
0.476476 1.5988715e-15
0.476714 1.6404793e-15
0.476952 1.7760162e-15
0.47719 1.8845702e-15
0.477428 2.0217287e-15
0.477666 1.8563532e-15
0.477904 1.6315065e-15
0.478142 1.5810385e-15
0.47838 1.5717395e-15
0.478618 1.5924865e-15
0.478856 1.7793312e-15
0.479094 1.8739757e-15
0.479332 1.968629e-15
0.47957 1.9570914e-15
0.479808 1.95293e-15
0.480046 2.0124563e-15
0.480284 2.0190453e-15
0.480522 1.8939227e-15
0.48076 1.7359628e-15
0.480998 1.7448418e-15
0.481236 1.901901e-15
0.481474 2.0866943e-15
0.481712 2.0603956e-15
0.48195 2.0464225e-15
0.482188 2.0702044e-15
0.482426 1.9322242e-15
0.482664 1.9070921e-15
0.482902 1.894085e-15
0.48314 1.9565066e-15
0.483378 2.001079e-15
0.483616 1.9558156e-15
0.483854 1.9131931e-15
0.484092 1.9117288e-15
0.48433 2.0478464e-15
0.484568 2.1958554e-15
0.484806 2.1746135e-15
0.485044 2.319469e-15
0.485282 2.443426e-15
0.48552 2.7280252e-15
0.485758 3.5159787e-15
0.485996 4.029066e-15
0.486234 3.8214603e-15
0.486472 3.0747436e-15
0.48671 2.400196e-15
0.486948 2.1457608e-15
0.487186 2.0370621e-15
0.487424 2.0185716e-15
0.487662 2.025401e-15
0.4879 2.0465089e-15
0.488138 2.122598e-15
0.488376 2.0910637e-15
0.488614 1.9598299e-15
0.488852 2.0114182e-15
0.48909 2.1008685e-15
0.489328 2.1117472e-15
0.489566 2.2197642e-15
0.489804 2.2004823e-15
0.490042 2.0965652e-15
0.49028 2.0657526e-15
0.490518 2.274979e-15
0.490756 2.498226e-15
0.490994 2.2796818e-15
0.491232 2.2673177e-15
0.49147 2.265975e-15
0.491708 2.134933e-15
0.491946 2.117588e-15
0.492184 2.0738342e-15
0.492422 2.1699269e-15
0.49266 2.2068734e-15
0.492898 2.270603e-15
0.493136 2.1739528e-15
0.493374 2.2344458e-15
0.493612 2.0869257e-15
0.49385 2.02206e-15
0.494088 2.1389462e-15
0.494326 2.3543177e-15
0.494564 2.2946893e-15
0.494802 2.2502597e-15
0.49504 2.3304733e-15
0.495278 2.2798148e-15
0.495516 2.0745008e-15
0.495754 2.0241964e-15
0.495992 2.0127597e-15
0.49623 2.2232648e-15
0.496468 2.0736044e-15
0.496706 2.202173e-15
0.496944 2.2969708e-15
0.497182 2.1629577e-15
0.49742 2.2010354e-15
0.497658 2.0770739e-15
0.497896 2.1077356e-15
0.498134 2.2332725e-15
0.498372 1.9899989e-15
0.49861 1.9236938e-15
0.498848 2.043404e-15
0.499086 1.8876078e-15
0.499324 1.8669917e-15
0.499562 1.8927714e-15
0.4998 1.9570806e-15
0.500038 1.85024e-15
0.500276 1.948605e-15
0.500514 1.870756e-15
0.500752 1.789039e-15
0.50099 1.5709581e-15
0.501228 1.7474365e-15
0.501466 1.8195117e-15
0.501704 1.8639409e-15
0.501942 2.0428584e-15
0.50218 1.817385e-15
0.502418 1.6579093e-15
0.502656 1.7946597e-15
0.502894 1.7671335e-15
0.503132 1.8135918e-15
0.50337 2.0023696e-15
0.503608 2.1302586e-15
0.503846 1.8982747e-15
0.504084 1.6911109e-15
0.504322 1.8419729e-15
0.50456 2.1054317e-15
0.504798 2.1986817e-15
0.505036 1.6939261e-15
0.505274 1.6330759e-15
0.505512 2.0185924e-15
0.50575 2.1889008e-15
0.505988 1.998516e-15
0.506226 1.920761e-15
0.506464 2.3574244e-15
0.506702 2.202051e-15
0.50694 1.826935e-15
0.507178 1.906679e-15
0.507416 2.2402145e-15
0.507654 2.2325614e-15
0.507892 2.0443276e-15
0.50813 2.109742e-15
0.508368 2.309056e-15
0.508606 2.0831304e-15
0.508844 1.9001662e-15
0.509082 2.1702521e-15
0.50932 2.0822107e-15
0.509558 2.0322173e-15
0.509796 2.113197e-15
0.510034 1.9619352e-15
0.510272 1.7687644e-15
0.51051 1.8357364e-15
0.510748 1.9778016e-15
0.510986 1.8227126e-15
0.511224 2.0745038e-15
0.511462 2.2993578e-15
0.5117 1.9185e-15
0.511938 1.9770486e-15
0.512176 1.970997e-15
0.512414 1.893799e-15
0.512652 2.1275553e-15
0.51289 2.0759314e-15
0.513128 2.1862244e-15
0.513366 2.2039628e-15
0.513604 2.0318724e-15
0.513842 1.85989e-15
0.51408 1.9004766e-15
0.514318 2.062051e-15
0.514556 2.421042e-15
0.514794 2.3685921e-15
0.515032 2.4035957e-15
0.515094 2.2011138e-15
0.515387 2.0795925e-15
0.51568 2.4267352e-15
0.515973 2.2086911e-15
0.516266 2.6007605e-15
0.516559 2.2536542e-15
0.516852 2.0346631e-15
0.517145 2.651731e-15
0.517438 2.8298274e-15
0.517731 2.430404e-15
0.518024 2.2103433e-15
0.518317 1.907004e-15
0.51861 1.9439844e-15
0.518903 2.0069084e-15
0.519196 2.05269e-15
0.519489 2.1633338e-15
0.519782 2.1191413e-15
0.520075 2.1845746e-15
0.520368 2.371862e-15
0.520661 2.4018195e-15
0.520954 2.2392015e-15
0.521247 2.1930888e-15
0.52154 2.0931751e-15
0.521833 2.0668027e-15
0.522126 1.8631944e-15
0.522419 2.0872696e-15
0.522712 2.5946195e-15
0.523005 2.6261719e-15
0.523298 2.6192048e-15
0.523591 2.5421898e-15
0.523884 2.4999193e-15
0.524177 2.6050024e-15
0.52447 2.6463946e-15
0.524763 2.6466944e-15
0.525056 2.9562712e-15
0.525349 3.0010367e-15
0.525642 2.890983e-15
0.525935 2.7829647e-15
0.526228 2.777601e-15
0.526521 2.5899544e-15
0.526814 2.5626842e-15
0.527107 2.7132928e-15
0.5274 2.7183513e-15
0.527693 2.504254e-15
0.527986 2.4736276e-15
0.528279 2.4148952e-15
0.528572 2.5774755e-15
0.528865 2.8049301e-15
0.529158 2.7982504e-15
0.529451 2.7598311e-15
0.529744 2.9502244e-15
0.530037 3.1088536e-15
0.53033 3.2150736e-15
0.530623 3.1485386e-15
0.530916 2.8982471e-15
0.531209 2.905652e-15
0.531502 2.8803465e-15
0.531795 3.0269862e-15
0.532088 3.077503e-15
0.532381 3.0186537e-15
0.532674 3.1002172e-15
0.532967 3.0399479e-15
0.53326 3.1566769e-15
0.533553 2.9731454e-15
0.533846 2.8363351e-15
0.534139 2.792692e-15
0.534432 2.8833146e-15
0.534725 2.7791617e-15
0.535018 2.8988536e-15
0.535311 3.0699688e-15
0.535604 3.0737136e-15
0.535897 3.0676903e-15
0.53619 3.0456008e-15
0.536483 3.2686322e-15
0.536776 3.4055182e-15
0.537069 3.4271379e-15
0.537362 3.5337035e-15
0.537655 3.4499173e-15
0.537948 3.20785e-15
0.538241 3.2597587e-15
0.538534 3.2545553e-15
0.538827 3.4714855e-15
0.53912 3.5467535e-15
0.539413 3.559247e-15
0.539706 3.4607058e-15
0.539999 3.3164292e-15
0.540292 3.2341823e-15
0.540585 3.2784251e-15
0.540878 3.1625326e-15
0.541171 3.2405297e-15
0.541464 3.4103884e-15
0.541757 3.3010155e-15
0.54205 3.3981117e-15
0.542343 3.383671e-15
0.542636 3.5957243e-15
0.542929 3.630175e-15
0.543222 3.6536974e-15
0.543515 3.787933e-15
0.543808 3.741545e-15
0.544101 3.71325e-15
0.544394 3.564781e-15
0.544687 3.5402295e-15
0.54498 3.621175e-15
0.545273 3.6806334e-15
0.545566 3.7778444e-15
0.545859 3.7764913e-15
0.546152 3.5307995e-15
0.546445 3.4990186e-15
0.546738 3.418055e-15
0.547031 3.4808997e-15
0.547324 3.6001784e-15
0.547617 3.6101713e-15
0.54791 3.6038995e-15
0.548203 3.7340393e-15
0.548496 3.7024585e-15
0.548789 3.5152102e-15
0.549082 3.595361e-15
0.549375 3.678255e-15
0.549668 3.579396e-15
0.549961 3.64932e-15
0.550254 3.668139e-15
0.550547 3.6533387e-15
0.55084 3.6379803e-15
0.551133 3.5339985e-15
0.551426 3.4996166e-15
0.551719 3.5190166e-15
0.552012 3.566641e-15
0.552305 3.560194e-15
0.552598 3.5773856e-15
0.552891 3.7042386e-15
0.553184 3.730798e-15
0.553477 3.8729167e-15
0.55377 3.8051414e-15
0.554063 3.8615394e-15
0.554356 3.891126e-15
0.554649 3.8542735e-15
0.554942 3.927974e-15
0.555235 3.9561157e-15
0.555528 3.923002e-15
0.555821 4.0460883e-15
0.556114 4.0481026e-15
0.556407 4.1012903e-15
0.5567 4.024737e-15
0.556993 4.0149103e-15
0.557286 3.9643878e-15
0.557579 3.974852e-15
0.557872 3.872353e-15
0.558165 4.029389e-15
0.558458 4.061532e-15
0.558751 4.215352e-15
0.559044 4.2770103e-15
0.559337 4.183151e-15
0.55963 4.029294e-15
0.559923 3.8203164e-15
0.560216 3.6564926e-15
0.560509 3.677446e-15
0.560802 3.9005855e-15
0.561095 3.9016925e-15
0.561388 3.900949e-15
0.561681 4.0563116e-15
0.561974 4.0545176e-15
0.562267 4.0614637e-15
0.56256 4.0557267e-15
0.562853 3.98624e-15
0.563146 4.0026406e-15
0.563439 4.015982e-15
0.563732 4.040251e-15
0.564025 4.066351e-15
0.564318 4.1871045e-15
0.564611 4.2753408e-15
0.564904 4.2427482e-15
0.565197 4.1502654e-15
0.56549 4.0762817e-15
0.565783 4.1824924e-15
0.566076 4.2943147e-15
0.566369 4.383883e-15
0.566662 4.2851854e-15
0.566955 4.3284942e-15
0.567248 4.2990408e-15
0.567541 4.2679674e-15
0.567834 4.3324664e-15
0.568127 4.3762504e-15
0.56842 4.3501664e-15
0.568713 4.455248e-15
0.569006 4.5680965e-15
0.569299 4.4229075e-15
0.569592 4.347265e-15
0.569885 4.3530217e-15
0.570178 4.4742483e-15
0.570471 4.49955e-15
0.570764 4.5560987e-15
0.571057 4.520931e-15
0.57135 4.3563514e-15
0.571643 4.4426344e-15
0.571936 4.282391e-15
0.572229 4.3585037e-15
0.572522 4.5005397e-15
0.572815 4.54293e-15
0.573108 4.5773927e-15
0.573401 4.7759275e-15
0.573694 4.7269436e-15
0.573987 4.5916186e-15
0.57428 4.629448e-15
0.574573 4.6283435e-15
0.574866 4.707293e-15
0.575159 4.8361537e-15
0.575452 4.8706953e-15
0.575745 4.9736428e-15
0.576038 4.914601e-15
0.576331 4.9987416e-15
0.576624 4.8683333e-15
0.576917 4.913669e-15
0.57721 4.927455e-15
0.577503 4.8384915e-15
0.577796 4.871802e-15
0.578089 4.8928456e-15
0.578382 4.832825e-15
0.578675 4.915876e-15
0.578968 4.84302e-15
0.579261 4.637235e-15
0.579554 4.5787954e-15
0.579847 4.651606e-15
0.58014 4.761395e-15
0.580433 4.9506365e-15
0.580726 5.0222278e-15
0.581019 5.139185e-15
0.581312 5.198659e-15
0.581605 5.264276e-15
0.581898 5.269151e-15
0.582191 5.3212206e-15
0.582484 5.261909e-15
0.582777 5.1362494e-15
0.58307 5.247276e-15
0.583363 5.1830658e-15
0.583656 5.1804522e-15
0.583949 5.313749e-15
0.584242 5.24886e-15
0.584535 5.2930005e-15
0.584828 5.2734166e-15
0.585121 5.2690663e-15
0.585414 5.302666e-15
0.585707 5.163538e-15
0.586 5.1027463e-15
0.586293 4.902854e-15
0.586586 4.859843e-15
0.586879 4.9734022e-15
0.587172 4.8829666e-15
0.587465 4.985123e-15
0.587758 5.0717533e-15
0.588051 5.2118933e-15
0.588344 5.317792e-15
0.588637 5.4763806e-15
0.58893 5.4156525e-15
0.589223 4.9826815e-15
0.589516 4.6101746e-15
0.589809 4.010526e-15
0.590102 3.4352527e-15
0.590395 3.2191203e-15
0.590688 3.3459828e-15
0.590981 3.710073e-15
0.591274 4.20452e-15
0.591567 4.611631e-15
0.59186 4.8457717e-15
0.592153 4.979112e-15
0.592446 5.1440535e-15
0.592739 5.097951e-15
0.593032 5.0727054e-15
0.593325 5.2172317e-15
0.593618 5.254341e-15
0.593911 5.2542e-15
0.594204 5.1952592e-15
0.594497 5.187736e-15
0.59479 5.294622e-15
0.595083 5.350536e-15
0.595376 5.228899e-15
0.595669 5.363496e-15
0.595962 5.33106e-15
0.596255 5.285102e-15
0.596548 5.3105184e-15
0.596841 5.279654e-15
0.597134 5.2864537e-15
0.597427 5.452413e-15
0.59772 5.4539346e-15
0.598013 5.401823e-15
0.598306 5.392481e-15
0.598599 5.3376264e-15
0.598892 5.3799497e-15
0.599185 5.3452937e-15
0.599478 5.378642e-15
0.599771 5.459509e-15
0.600064 5.4431904e-15
0.600357 5.523248e-15
0.60065 5.58818e-15
0.600943 5.580242e-15
0.601236 5.5332393e-15
0.601529 5.3883755e-15
0.601822 5.3446432e-15
0.602115 5.3654993e-15
0.602408 5.4613817e-15
0.602701 5.478582e-15
0.602994 5.4995935e-15
0.603287 5.4404054e-15
0.60358 5.570941e-15
0.603873 5.826209e-15
0.604166 5.789757e-15
0.604459 5.887454e-15
0.604752 5.9030277e-15
0.605045 5.9120414e-15
0.605338 5.889681e-15
0.605631 6.0634362e-15
0.605924 6.1108006e-15
0.606217 6.0769028e-15
0.60651 5.955666e-15
0.606803 5.9488644e-15
0.607096 5.95493e-15
0.607389 5.943717e-15
0.607682 5.9941646e-15
0.607975 6.152299e-15
0.608268 6.0810664e-15
0.608561 6.0402614e-15
0.608854 5.9744232e-15
0.609147 5.9661473e-15
0.60944 5.9355177e-15
0.609733 5.8818603e-15
0.610026 5.9472127e-15
0.610319 5.9900277e-15
0.610612 5.9765933e-15
0.610905 5.9788558e-15
0.611198 5.9021425e-15
0.611491 5.8039807e-15
0.611784 5.927267e-15
0.612077 6.0401305e-15
0.61237 6.0785045e-15
0.612663 6.087721e-15
0.612956 5.820283e-15
0.613249 5.5618208e-15
0.613542 5.6048335e-15
0.613835 5.8197237e-15
0.614128 6.0029945e-15
0.614421 6.0348175e-15
0.614714 5.9342963e-15
0.615007 5.8196656e-15
0.6153 5.9078155e-15
0.615593 6.030395e-15
0.615886 6.059895e-15
0.616179 6.1273406e-15
0.616472 5.9511633e-15
0.616765 5.661503e-15
0.617058 5.5060585e-15
0.617351 5.217522e-15
0.617644 5.0068253e-15
0.617937 5.253844e-15
0.61823 5.5562507e-15
0.618523 5.756619e-15
0.618816 5.966008e-15
0.619109 5.9985383e-15
0.619402 6.00197e-15
0.619695 5.8082625e-15
0.619988 5.7225686e-15
0.620281 5.591337e-15
0.620574 5.6328356e-15
0.620867 5.827219e-15
0.62116 5.7727023e-15
0.621453 5.9719075e-15
0.621746 6.0244757e-15
0.622039 5.9512653e-15
0.622332 5.7317025e-15
0.622625 5.6564653e-15
0.622918 5.5161737e-15
0.623211 5.4053873e-15
0.623504 5.460154e-15
0.623797 5.5808447e-15
0.62409 5.5045245e-15
0.624383 5.4292635e-15
0.624676 5.5915686e-15
0.624969 5.417517e-15
0.625262 5.3646967e-15
0.625555 5.357806e-15
0.625848 5.574904e-15
0.626141 5.6613006e-15
0.626434 5.575588e-15
0.626727 5.505428e-15
0.62702 5.4540477e-15
0.627313 5.6412047e-15
0.627606 5.720117e-15
0.627899 5.8240905e-15
0.628192 5.901401e-15
0.628485 5.8499683e-15
0.628778 5.903105e-15
0.629071 5.863135e-15
0.629364 5.8814364e-15
0.629657 6.0165136e-15
0.62995 6.186391e-15
0.630243 6.3183745e-15
0.630536 6.5462543e-15
0.630829 7.375464e-15
0.631122 8.452871e-15
0.631415 8.138141e-15
0.631708 7.321661e-15
0.632001 6.671722e-15
0.632294 6.4808134e-15
0.632587 6.449268e-15
0.63288 6.485317e-15
0.633173 6.378711e-15
0.633466 6.5485866e-15
0.633759 6.653328e-15
0.634052 6.7293164e-15
0.634345 6.6374505e-15
0.634638 6.6257933e-15
0.634931 6.6670493e-15
0.635224 6.7124473e-15
0.635517 6.661346e-15
0.63581 6.8517084e-15
0.636103 7.067504e-15
0.636396 6.8511493e-15
0.636689 6.8203055e-15
0.636982 6.8604925e-15
0.637275 7.206953e-15
0.637568 7.3737555e-15
0.637861 7.267736e-15
0.638154 7.148545e-15
0.638447 7.119965e-15
0.63874 6.961575e-15
0.639033 6.8563776e-15
0.639326 6.7717485e-15
0.639619 6.739213e-15
0.639912 6.7074087e-15
0.640205 6.797811e-15
0.640498 6.781557e-15
0.640791 6.8216446e-15
0.641084 6.882829e-15
0.641377 7.0026725e-15
0.64167 7.032048e-15
0.641963 7.0662953e-15
0.642256 7.0685022e-15
0.642549 7.0094268e-15
0.642842 7.115498e-15
0.643135 7.1577986e-15
0.643428 7.078087e-15
0.643721 7.231502e-15
0.644014 7.250834e-15
0.644307 7.32683e-15
0.6446 7.255444e-15
0.644893 7.185817e-15
0.645186 7.252919e-15
0.645479 7.407708e-15
0.645772 7.447271e-15
0.646065 7.299042e-15
0.646358 7.32253e-15
0.646651 7.417617e-15
0.646944 7.490924e-15
0.647237 7.42833e-15
0.64753 7.416873e-15
0.647823 7.481383e-15
0.648116 7.6301575e-15
0.648409 7.70101e-15
0.648702 7.794708e-15
0.648995 7.69858e-15
0.649288 7.710497e-15
0.649581 7.728706e-15
0.649874 7.733176e-15
0.650167 7.5104565e-15
0.65046 7.2605055e-15
0.650753 7.146605e-15
0.651046 7.244524e-15
0.651339 7.470095e-15
0.651632 7.756353e-15
0.651925 7.959195e-15
0.652218 8.007214e-15
0.652511 8.099524e-15
0.652804 8.052964e-15
0.653097 8.111269e-15
0.65339 8.103825e-15
0.653683 8.183669e-15
0.653976 8.35415e-15
0.654269 8.3727445e-15
0.654562 8.413466e-15
0.654855 8.437361e-15
0.655148 8.540356e-15
0.655441 8.526219e-15
0.655734 8.632245e-15
0.656027 8.897434e-15
0.65632 9.544999e-15
0.656613 1.1879518e-14
0.656906 1.7712226e-14
0.657199 2.5559887e-14
0.657492 2.8746774e-14
0.657785 2.3629556e-14
0.658078 1.5944342e-14
0.658371 1.116015e-14
0.658664 9.388113e-15
0.658957 8.9156215e-15
0.65925 8.910678e-15
0.659543 8.890254e-15
0.659836 8.670908e-15
0.660129 8.4808056e-15
0.660422 8.356646e-15
0.660715 8.261345e-15
0.661008 8.357636e-15
0.661301 8.296711e-15
0.661594 8.28391e-15
0.661887 8.214522e-15
0.66218 8.253287e-15
0.662473 8.428803e-15
0.662766 8.504397e-15
0.663059 8.43283e-15
0.663352 8.475578e-15
0.663645 8.352949e-15
0.663938 8.184596e-15
0.664231 8.276611e-15
0.664524 8.256424e-15
0.664817 8.27312e-15
0.66511 8.304094e-15
0.665403 8.380281e-15
0.665696 8.402014e-15
0.665989 8.451315e-15
0.666282 8.394593e-15
0.666575 8.309365e-15
0.666868 8.2483e-15
0.667161 8.242861e-15
0.667454 8.187562e-15
0.667747 8.206781e-15
0.66804 8.24547e-15
0.668333 8.444126e-15
0.668626 8.465504e-15
0.668919 8.383717e-15
0.669212 8.32584e-15
0.669505 8.249727e-15
0.669798 8.235156e-15
0.670091 8.223887e-15
0.670384 8.18256e-15
0.670677 8.1315265e-15
0.67097 8.08476e-15
0.671263 8.125622e-15
0.671556 7.922721e-15
0.671849 7.82504e-15
0.672142 7.758186e-15
0.672435 7.93818e-15
0.672728 7.879364e-15
0.673021 7.878828e-15
0.673314 7.930637e-15
0.673607 8.027585e-15
0.6739 8.25692e-15
0.674193 8.23151e-15
0.674486 8.2688246e-15
0.674779 8.22906e-15
0.675072 8.174992e-15
0.675365 8.015646e-15
0.675658 8.066272e-15
0.675951 8.036826e-15
0.676244 8.009818e-15
0.676537 8.005338e-15
0.67683 8.085016e-15
0.677123 8.171889e-15
0.677416 8.13686e-15
0.677709 8.197197e-15
0.678002 8.2254844e-15
0.678295 8.2812954e-15
0.678588 8.299404e-15
0.678881 8.366324e-15
0.679174 8.2907526e-15
0.679467 8.234417e-15
0.67976 8.1879134e-15
0.680053 8.092057e-15
0.680346 8.05535e-15
0.680639 8.097702e-15
0.680932 8.10738e-15
0.681225 8.065258e-15
0.681518 8.097896e-15
0.681811 8.121378e-15
0.682104 8.168753e-15
0.682397 8.128045e-15
0.68269 8.1722645e-15
0.682983 8.215059e-15
0.683276 8.179242e-15
0.683569 8.211513e-15
0.683862 8.215903e-15
0.684155 8.259973e-15
0.684448 8.247685e-15
0.684741 8.094644e-15
0.685034 8.1030145e-15
0.685327 8.067323e-15
0.68562 8.17656e-15
0.685913 8.228454e-15
0.686206 8.1203575e-15
0.686499 8.096325e-15
0.686792 7.992516e-15
0.687085 7.840087e-15
0.687378 7.803213e-15
0.687671 7.462332e-15
0.687964 6.9913693e-15
0.688257 6.6784643e-15
0.68855 6.8673522e-15
0.688843 7.410894e-15
0.689136 7.832554e-15
0.689429 7.842028e-15
0.689722 7.938235e-15
0.690015 8.121076e-15
0.690308 8.204636e-15
0.690601 8.141207e-15
0.690894 8.285876e-15
0.691187 8.427134e-15
0.69148 8.49849e-15
0.691773 8.618037e-15
0.692066 8.819609e-15
0.692359 8.9458775e-15
0.692652 8.901491e-15
0.692945 8.880747e-15
0.693238 8.9425385e-15
0.693531 9.090055e-15
0.693824 9.35936e-15
0.694117 9.556107e-15
0.69441 9.723386e-15
0.694703 9.748321e-15
0.694996 9.793803e-15
0.695289 9.914423e-15
0.695582 1.0094629e-14
0.695875 1.0190048e-14
0.696168 1.0181953e-14
0.696461 1.0088228e-14
0.696754 1.0046606e-14
0.697047 1.0203254e-14
0.69734 1.0369843e-14
0.697633 1.0367462e-14
0.697926 1.0487711e-14
0.698219 1.0424868e-14
0.698512 1.0223765e-14
0.698805 1.00753426e-14
0.699098 1.0045737e-14
0.699391 1.0223282e-14
0.699684 1.0394622e-14
0.699977 1.03758605e-14
0.70027 1.0312917e-14
0.700563 1.0387611e-14
0.700856 1.0471669e-14
0.701149 1.0488764e-14
0.701442 1.0496848e-14
0.701735 1.055164e-14
0.702028 1.0565884e-14
0.702321 1.0676577e-14
0.702614 1.0735418e-14
0.702907 1.07194484e-14
0.7032 1.0701857e-14
0.703493 1.0823858e-14
0.703786 1.0921061e-14
0.704079 1.10319655e-14
0.704372 1.12291725e-14
0.704665 1.1208232e-14
0.704958 1.1238802e-14
0.705251 1.1382536e-14
0.705544 1.1520381e-14
0.705837 1.1561274e-14
0.70613 1.1543772e-14
0.706423 1.1221204e-14
0.706716 1.0825197e-14
0.707009 1.0561009e-14
0.707302 1.0551012e-14
0.707595 1.0596486e-14
0.707888 1.06951504e-14
0.708181 1.0793921e-14
0.708474 1.0888928e-14
0.708767 1.0900039e-14
0.70906 1.0869184e-14
0.709353 1.07404676e-14
0.709646 1.0473121e-14
0.709939 1.023657e-14
0.710232 1.00665995e-14
0.710525 1.0011781e-14
0.710818 1.012266e-14
0.711111 1.0132646e-14
0.711404 1.0149576e-14
0.711697 1.0186433e-14
0.71199 1.029556e-14
0.712283 1.0345716e-14
0.712576 1.0390131e-14
0.712869 1.0507576e-14
0.713162 1.0512261e-14
0.713455 1.0325013e-14
0.713748 1.0058859e-14
0.714041 9.867707e-15
0.714334 9.707269e-15
0.714627 9.69306e-15
0.71492 9.7732804e-15
0.715213 9.853889e-15
0.715506 9.870711e-15
0.715799 9.761739e-15
0.716092 9.871794e-15
0.716385 1.0051488e-14
0.716678 1.0242564e-14
0.716971 1.02780265e-14
0.717264 1.0220888e-14
0.717557 1.0060983e-14
0.71785 1.0064728e-14
0.718143 1.0146612e-14
0.718436 1.0173813e-14
0.718729 1.0110855e-14
0.719022 9.993046e-15
0.719315 1.0085496e-14
0.719608 1.0001008e-14
0.719901 9.896696e-15
0.720194 9.9200365e-15
0.720487 1.0028836e-14
0.72078 1.00387025e-14
0.721073 1.00381e-14
0.721366 9.936446e-15
0.721659 9.859366e-15
0.721952 9.949851e-15
0.722245 1.0095775e-14
0.722538 1.0294057e-14
0.722831 1.0461813e-14
0.723124 1.0611483e-14
0.723417 1.0640507e-14
0.72371 1.0652173e-14
0.724003 1.07374386e-14
0.724296 1.0767453e-14
0.724589 1.07011085e-14
0.724882 1.0653375e-14
0.725175 1.0817702e-14
0.725468 1.0823914e-14
0.725761 1.0857604e-14
0.726054 1.097226e-14
0.726347 1.0889211e-14
0.72664 1.096538e-14
0.726933 1.1137853e-14
0.727226 1.1246934e-14
0.727519 1.124505e-14
0.727812 1.1201121e-14
0.728105 1.1244591e-14
0.728398 1.131168e-14
0.728691 1.13536466e-14
0.728984 1.1404775e-14
0.729277 1.1567094e-14
0.72957 1.1581422e-14
0.729863 1.1631843e-14
0.730156 1.1652853e-14
0.730449 1.1613343e-14
0.730742 1.181384e-14
0.731035 1.2020352e-14
0.731328 1.1997012e-14
0.731621 1.20002715e-14
0.731914 1.1987243e-14
0.732207 1.2098246e-14
0.7325 1.2200743e-14
0.732793 1.2303431e-14
0.733086 1.2324892e-14
0.733379 1.2470947e-14
0.733672 1.2461639e-14
0.733965 1.257933e-14
0.734258 1.270862e-14
0.734551 1.2953361e-14
0.734844 1.31293605e-14
0.735137 1.3209591e-14
0.73543 1.3168395e-14
0.735723 1.3114203e-14
0.736016 1.3067317e-14
0.736309 1.3106412e-14
0.736602 1.29679186e-14
0.736895 1.287049e-14
0.737188 1.293481e-14
0.737481 1.3081601e-14
0.737774 1.33038645e-14
0.738067 1.3518653e-14
0.73836 1.3640566e-14
0.738653 1.3701821e-14
0.738946 1.3721369e-14
0.739239 1.3634689e-14
0.739532 1.3569818e-14
0.739825 1.34033435e-14
0.740118 1.3437934e-14
0.740411 1.3442399e-14
0.740704 1.336871e-14
0.740997 1.3339411e-14
0.74129 1.33037095e-14
0.741583 1.33473216e-14
0.741876 1.3379501e-14
0.742169 1.3340594e-14
0.742462 1.3369331e-14
0.742755 1.3402874e-14
0.743048 1.3318057e-14
0.743341 1.3314981e-14
0.743634 1.34283996e-14
0.743927 1.36608694e-14
0.74422 1.3657319e-14
0.744513 1.3691896e-14
0.744806 1.365494e-14
0.745099 1.3712707e-14
0.745392 1.36536536e-14
0.745685 1.37118295e-14
0.745978 1.3756385e-14
0.746271 1.3926958e-14
0.746564 1.40889785e-14
0.746857 1.4119917e-14
0.74715 1.39785085e-14
0.747443 1.3973539e-14
0.747736 1.4031595e-14
0.748029 1.4221554e-14
0.748322 1.4250935e-14
0.748615 1.426285e-14
0.748908 1.4336578e-14
0.749201 1.441411e-14
0.749494 1.4470721e-14
0.749787 1.4519532e-14
0.75008 1.4345123e-14
0.750373 1.4154421e-14
0.750666 1.4148584e-14
0.750959 1.4295915e-14
0.751252 1.4453775e-14
0.751545 1.4470897e-14
0.751838 1.4401764e-14
0.752131 1.429289e-14
0.752424 1.4423248e-14
0.752717 1.4558238e-14
0.75301 1.467735e-14
0.753303 1.4612763e-14
0.753596 1.4479955e-14
0.753889 1.4352397e-14
0.754182 1.4359409e-14
0.754475 1.4495216e-14
0.754768 1.4671758e-14
0.755061 1.4783898e-14
0.755354 1.4892964e-14
0.755647 1.491738e-14
0.75594 1.487945e-14
0.756233 1.486833e-14
0.756526 1.4789292e-14
0.756819 1.4731826e-14
0.757112 1.4781106e-14
0.757405 1.4735144e-14
0.757698 1.4657358e-14
0.757991 1.4564354e-14
0.758284 1.447685e-14
0.758577 1.4360746e-14
0.75887 1.4471905e-14
0.759163 1.4444583e-14
0.759456 1.4166315e-14
0.759749 1.3662731e-14
0.760042 1.302574e-14
0.760335 1.17142226e-14
0.760628 9.734665e-15
0.760921 7.622049e-15
0.761214 6.0999916e-15
0.761507 5.2076767e-15
0.7618 5.0718122e-15
0.762093 5.7067147e-15
0.762386 6.8968167e-15
0.762679 8.42233e-15
0.762972 9.571701e-15
0.763265 9.604256e-15
0.763558 8.852821e-15
0.763851 8.254271e-15
0.764144 8.059495e-15
0.764437 8.1278054e-15
0.76473 8.315344e-15
0.765023 8.695036e-15
0.765316 9.119836e-15
0.765609 9.705597e-15
0.765902 1.0139406e-14
0.766195 1.0434668e-14
0.766488 1.0763692e-14
0.766781 1.10813306e-14
0.767074 1.1112622e-14
0.767367 1.0977982e-14
0.76766 1.093809e-14
0.767953 1.1232742e-14
0.768246 1.1824802e-14
0.768539 1.2401069e-14
0.768832 1.2785466e-14
0.769125 1.3077897e-14
0.769418 1.3304102e-14
0.769711 1.3411453e-14
0.770004 1.3594695e-14
0.770297 1.3577909e-14
0.77059 1.3390379e-14
0.770883 1.31277274e-14
0.771176 1.29696135e-14
0.771469 1.3219208e-14
0.771762 1.3650203e-14
0.772055 1.3887207e-14
0.772348 1.3974786e-14
0.772641 1.390972e-14
0.772934 1.3972854e-14
0.773227 1.4295905e-14
0.77352 1.4602303e-14
0.773813 1.4664095e-14
0.774106 1.4630275e-14
0.774399 1.4771716e-14
0.774692 1.4972588e-14
0.774985 1.5016913e-14
0.775278 1.493016e-14
0.775571 1.4625194e-14
0.775864 1.4459986e-14
0.776157 1.4288584e-14
0.77645 1.4398157e-14
0.776743 1.4571328e-14
0.777036 1.4722935e-14
0.777329 1.4755834e-14
0.777622 1.4928034e-14
0.777915 1.49158e-14
0.778208 1.490951e-14
0.778501 1.4788753e-14
0.778794 1.4729913e-14
0.779087 1.4787166e-14
0.77938 1.4521948e-14
0.779673 1.4429294e-14
0.779966 1.4456977e-14
0.780259 1.4455225e-14
0.780552 1.4559605e-14
0.780845 1.4407305e-14
0.781138 1.459471e-14
0.781431 1.4643277e-14
0.781724 1.4863094e-14
0.782017 1.5029626e-14
0.78231 1.4866316e-14
0.782603 1.5045431e-14
0.782896 1.5051628e-14
0.783189 1.506567e-14
0.783482 1.5056517e-14
0.783775 1.4911461e-14
0.784068 1.460151e-14
0.784361 1.4478368e-14
0.784654 1.4573852e-14
0.784947 1.4670772e-14
0.78524 1.4835045e-14
0.785533 1.4916308e-14
0.785826 1.5015453e-14
0.786119 1.5014743e-14
0.786412 1.5141713e-14
0.786705 1.5100146e-14
0.786998 1.516686e-14
0.787291 1.5336495e-14
0.787584 1.555954e-14
0.787877 1.5600878e-14
0.78817 1.5368847e-14
0.788463 1.5262068e-14
0.788756 1.5313134e-14
0.789049 1.5388588e-14
0.789342 1.5300202e-14
0.789635 1.5255517e-14
0.789928 1.5381364e-14
0.790221 1.5587036e-14
0.790514 1.5464148e-14
0.790807 1.5305164e-14
0.7911 1.5238943e-14
0.791393 1.5331822e-14
0.791686 1.533914e-14
0.791979 1.5245541e-14
0.792272 1.5293891e-14
0.792565 1.525576e-14
0.792858 1.5305467e-14
0.793151 1.532973e-14
0.793444 1.5506566e-14
0.793737 1.5784916e-14
0.79403 1.5765462e-14
0.794323 1.5660133e-14
0.794616 1.5717501e-14
0.794909 1.5674994e-14
0.795202 1.5572265e-14
0.795495 1.5441624e-14
0.795788 1.5428482e-14
0.796081 1.5656106e-14
0.796374 1.5937916e-14
0.796667 1.6067354e-14
0.79696 1.611948e-14
0.797253 1.6069059e-14
0.797546 1.6279575e-14
0.797839 1.6533914e-14
0.798132 1.6430223e-14
0.798425 1.6543704e-14
0.798718 1.6437001e-14
0.799011 1.6538096e-14
0.799304 1.6348785e-14
0.799597 1.6358735e-14
0.79989 1.6268298e-14
0.800183 1.624597e-14
0.800476 1.6416015e-14
0.800769 1.6271808e-14
0.801062 1.624568e-14
0.801355 1.6280742e-14
0.801648 1.6430716e-14
0.801941 1.652955e-14
0.802234 1.6662483e-14
0.802527 1.6832725e-14
0.80282 1.6997065e-14
0.803113 1.7055518e-14
0.803406 1.6916735e-14
0.803699 1.6767908e-14
0.803992 1.6632959e-14
0.804285 1.669432e-14
0.804578 1.6982138e-14
0.804871 1.6939543e-14
0.805164 1.6891373e-14
0.805457 1.6775259e-14
0.80575 1.6583047e-14
0.806043 1.6477766e-14
0.806336 1.6821537e-14
0.806629 1.7042884e-14
0.806922 1.7196634e-14
0.807215 1.715579e-14
0.807508 1.7155448e-14
0.807801 1.7081292e-14
0.808094 1.694919e-14
0.808387 1.6911472e-14
0.80868 1.7073308e-14
0.808973 1.6934106e-14
0.809266 1.7182473e-14
0.809559 1.7149127e-14
0.809852 1.7051068e-14
0.810145 1.7221366e-14
0.810438 1.7143335e-14
0.810731 1.7318835e-14
0.811024 1.7414216e-14
0.811317 1.7495837e-14
0.81161 1.7680205e-14
0.811903 1.7450427e-14
0.812196 1.741326e-14
0.812489 1.7342801e-14
0.812782 1.7321885e-14
0.813075 1.7308834e-14
0.813368 1.7480822e-14
0.813661 1.7548952e-14
0.813954 1.7503958e-14
0.814247 1.751834e-14
0.81454 1.7319555e-14
0.814833 1.7400345e-14
0.815126 1.755894e-14
0.815419 1.7530455e-14
0.815712 1.7455958e-14
0.816005 1.7459658e-14
0.816298 1.7434672e-14
0.816591 1.7341638e-14
0.816884 1.7200076e-14
0.817177 1.7076594e-14
0.81747 1.700207e-14
0.817763 1.7165819e-14
0.818056 1.7472867e-14
0.818349 1.7652402e-14
0.818642 1.7644011e-14
0.818935 1.710568e-14
0.819228 1.667958e-14
0.819521 1.6297368e-14
0.819814 1.6436783e-14
0.820107 1.6824761e-14
0.8204 1.6312797e-14
0.820693 1.5755778e-14
0.820986 1.5975954e-14
0.821279 1.6679981e-14
0.821572 1.7159002e-14
0.821865 1.719608e-14
0.822158 1.7139703e-14
0.822451 1.7274715e-14
0.822744 1.7402146e-14
0.823037 1.7195079e-14
0.82333 1.7117392e-14
0.823623 1.7072908e-14
0.823916 1.7098437e-14
0.824209 1.7009057e-14
0.824502 1.716173e-14
0.824795 1.7557353e-14
0.825088 1.799566e-14
0.825381 1.7946482e-14
0.825674 1.8032122e-14
0.825967 1.8066276e-14
0.82626 1.8065339e-14
0.826553 1.7796792e-14
0.826846 1.7766176e-14
0.827139 1.8063687e-14
0.827432 1.8330386e-14
0.827725 1.829169e-14
0.828018 1.8238103e-14
0.828311 1.7972914e-14
0.828604 1.7759147e-14
0.828897 1.7894706e-14
0.82919 1.8152943e-14
0.829483 1.824902e-14
0.829776 1.821295e-14
0.830069 1.7852517e-14
0.830362 1.7693998e-14
0.830655 1.7830772e-14
0.830948 1.8124084e-14
0.831241 1.7699163e-14
0.831534 1.7662468e-14
0.831827 1.7796311e-14
0.83212 1.787025e-14
0.832413 1.7809281e-14
0.832706 1.803518e-14
0.832999 1.8305817e-14
0.833292 1.8050914e-14
0.833585 1.7884626e-14
0.833878 1.7587362e-14
0.834171 1.758593e-14
0.834464 1.7721273e-14
0.834757 1.7952453e-14
0.83505 1.7881128e-14
0.835343 1.8111211e-14
0.835636 1.8092263e-14
0.835929 1.7946892e-14
0.836222 1.8027687e-14
0.836515 1.8319805e-14
0.836808 1.8238495e-14
0.837101 1.8310965e-14
0.837394 1.83003e-14
0.837687 1.8413375e-14
0.83798 1.8470245e-14
0.838273 1.840831e-14
0.838566 1.8366263e-14
0.838859 1.812571e-14
0.839152 1.7886171e-14
0.839445 1.7700076e-14
0.839738 1.7541293e-14
0.840031 1.7809405e-14
0.840324 1.8278275e-14
0.840617 1.8616766e-14
0.84091 1.9000345e-14
0.841203 1.9217202e-14
0.841496 1.9218871e-14
0.841789 1.9394525e-14
0.842082 1.9311924e-14
0.842375 1.9096737e-14
0.842668 1.8958022e-14
0.842961 1.895883e-14
0.843254 1.8838538e-14
0.843547 1.8654625e-14
0.84384 1.8494019e-14
0.844133 1.8533882e-14
0.844426 1.8196458e-14
0.844719 1.7517307e-14
0.845012 1.7634323e-14
0.845305 1.8406189e-14
0.845598 1.882322e-14
0.845891 1.9028836e-14
0.846184 1.8754153e-14
0.846477 1.8307128e-14
0.84677 1.8032195e-14
0.847063 1.8169228e-14
0.847356 1.8399243e-14
0.847649 1.805476e-14
0.847942 1.7557299e-14
0.848235 1.768782e-14
0.848528 1.8033298e-14
0.848821 1.8095812e-14
0.849114 1.8117826e-14
0.849407 1.8432003e-14
0.8497 1.86387e-14
0.849993 1.8820957e-14
0.850286 1.8608026e-14
0.850579 1.8455396e-14
0.850872 1.81617e-14
0.851165 1.8440377e-14
0.851458 1.8398826e-14
0.851751 1.8738051e-14
0.852044 1.863308e-14
0.852337 1.8301556e-14
0.85263 1.7790592e-14
0.852923 1.7848832e-14
0.853216 1.811346e-14
0.853509 1.8301905e-14
0.853802 1.8590354e-14
0.854095 1.8962042e-14
0.854388 1.905437e-14
0.854681 1.8701495e-14
0.854974 1.8198096e-14
0.855267 1.7887672e-14
0.85556 1.7833186e-14
0.855853 1.80915e-14
0.856146 1.8731752e-14
0.856439 1.9296896e-14
0.856732 1.9471814e-14
0.857025 1.9494731e-14
0.857318 1.9504955e-14
0.857611 1.9545602e-14
0.857904 1.9439623e-14
0.858197 1.9565026e-14
0.85849 1.942182e-14
0.858783 1.9492701e-14
0.859076 1.9455681e-14
0.859369 1.929663e-14
0.859662 1.940861e-14
0.859955 1.956246e-14
0.860248 1.9620197e-14
0.860541 1.9551103e-14
0.860834 1.960865e-14
0.861127 1.953177e-14
0.86142 1.940771e-14
0.861713 1.932787e-14
0.862006 1.92448e-14
0.862299 1.9389638e-14
0.862592 1.9709693e-14
0.862885 1.9688461e-14
0.863178 1.9461451e-14
0.863471 1.9402935e-14
0.863764 1.9406252e-14
0.864057 1.9563688e-14
0.86435 1.9874723e-14
0.864643 1.9996713e-14
0.864936 2.0049034e-14
0.865229 1.9968783e-14
0.865522 1.9896606e-14
0.865815 1.9745585e-14
0.866108 1.9762548e-14
0.866401 1.9831003e-14
0.866694 1.9817647e-14
0.866987 1.9573793e-14
0.86728 1.9339585e-14
0.867573 1.9440187e-14
0.867866 1.9663086e-14
0.868159 1.9780452e-14
0.868452 1.9781179e-14
0.868745 1.9698375e-14
0.869038 2.0032212e-14
0.869331 2.0357666e-14
0.869624 1.9927323e-14
0.869917 1.9329529e-14
0.87021 1.918012e-14
0.870503 1.9470674e-14
0.870796 2.0065787e-14
0.871089 2.0521743e-14
0.871382 2.0423494e-14
0.871675 2.0596846e-14
0.871968 2.041663e-14
0.872261 2.0049155e-14
0.872554 2.015311e-14
0.872847 2.0380406e-14
0.87314 2.0726647e-14
0.873433 2.0824778e-14
0.873726 2.0822347e-14
0.874019 2.0718526e-14
0.874312 2.0607488e-14
0.874605 2.0429517e-14
0.874898 2.0500154e-14
0.875191 2.057463e-14
0.875484 2.0833136e-14
0.875777 2.114022e-14
0.87607 2.0873636e-14
0.876363 2.0879721e-14
0.876656 2.0773729e-14
0.876949 2.0644294e-14
0.877242 2.0388803e-14
0.877535 2.029826e-14
0.877828 2.035168e-14
0.878121 2.0404436e-14
0.878414 2.0414194e-14
0.878707 2.0434173e-14
0.879 2.0448607e-14
0.879293 2.0389874e-14
0.879586 2.051342e-14
0.879879 2.0577661e-14
0.880172 2.0863751e-14
0.880465 2.102481e-14
0.880758 2.1173884e-14
0.881051 2.0902156e-14
0.881344 2.0391885e-14
0.881637 1.9594725e-14
0.88193 1.9659497e-14
0.882223 2.0555279e-14
0.882516 2.1616941e-14
0.882809 2.1934892e-14
0.883102 2.152653e-14
0.883395 2.0908e-14
0.883688 2.0385347e-14
0.883981 2.0450775e-14
0.884274 2.0865476e-14
0.884567 2.1640321e-14
0.88486 2.1860562e-14
0.885153 2.1808769e-14
0.885446 2.164552e-14
0.885739 2.1485728e-14
0.886032 2.1313138e-14
0.886325 2.1318388e-14
0.886618 2.1400797e-14
0.886911 2.1618807e-14
0.887204 2.1568911e-14
0.887497 2.1426322e-14
0.88779 2.1228648e-14
0.888083 2.072478e-14
0.888376 2.022009e-14
0.888669 2.0088743e-14
0.888962 2.0168754e-14
0.889255 2.070043e-14
0.889548 2.1107685e-14
0.889841 2.1269209e-14
0.890134 2.1140221e-14
0.890427 2.1080341e-14
0.89072 2.0887077e-14
0.891013 2.092474e-14
0.891306 2.08802e-14
0.891599 2.1156339e-14
0.891892 2.1107372e-14
0.892185 2.1325049e-14
0.892478 2.1523737e-14
0.892771 2.1667445e-14
0.893064 2.1564419e-14
0.893357 2.1197035e-14
0.89365 2.0973901e-14
0.893943 2.1187132e-14
0.894236 2.1280913e-14
0.894529 2.1440469e-14
0.894822 2.1458985e-14
0.895115 2.1257976e-14
0.895408 2.0834874e-14
0.895701 2.0423414e-14
0.895994 2.0409764e-14
0.896287 2.0655812e-14
0.89658 2.0778445e-14
0.896873 2.0934856e-14
0.897166 2.1001614e-14
0.897459 2.0822453e-14
0.897752 2.0337857e-14
0.898045 2.0037112e-14
0.898338 1.9961202e-14
0.898631 2.009893e-14
0.898924 2.0144256e-14
0.899217 2.0393072e-14
0.89951 2.0510784e-14
0.899803 2.015346e-14
0.900096 1.9848764e-14
0.900389 1.9952505e-14
0.900682 2.0298648e-14
0.900975 2.0264376e-14
0.901268 2.0556499e-14
0.901561 2.1104382e-14
0.901854 2.112931e-14
0.902147 2.107671e-14
0.90244 2.0867892e-14
0.902733 2.0616306e-14
0.903026 2.0576317e-14
0.903319 2.0634919e-14
0.903612 2.0719458e-14
0.903905 2.107221e-14
0.904198 2.1520077e-14
0.904491 2.1800614e-14
0.904784 2.1944543e-14
0.905077 2.1820622e-14
0.90537 2.1655734e-14
0.905663 2.1731045e-14
0.905956 2.1992585e-14
0.906249 2.2099747e-14
0.906542 2.2063441e-14
0.906835 2.20184e-14
0.907128 2.1649988e-14
0.907421 2.1255153e-14
0.907714 2.1075479e-14
0.908007 2.0779799e-14
0.9083 2.0813905e-14
0.908593 2.1142312e-14
0.908886 2.153785e-14
0.909179 2.1477132e-14
0.909472 2.1294957e-14
0.909765 2.063728e-14
0.910058 2.027509e-14
0.910351 2.0585923e-14
0.910644 2.1486033e-14
0.910937 2.179481e-14
0.91123 2.2142812e-14
0.911523 2.2263192e-14
0.911816 2.2220856e-14
0.912109 2.2305534e-14
0.912402 2.2367596e-14
0.912695 2.179862e-14
0.912988 2.1267019e-14
0.913281 2.1734532e-14
0.913574 2.2462546e-14
0.913867 2.2806198e-14
0.91416 2.253364e-14
0.914453 2.1981955e-14
0.914746 2.151678e-14
0.915039 2.1379286e-14
0.915332 2.1491633e-14
0.915625 2.1668431e-14
0.915918 2.2040395e-14
0.916211 2.1888983e-14
0.916504 2.1579208e-14
0.916797 2.1638475e-14
0.91709 2.1795904e-14
0.917383 2.1874978e-14
0.917676 2.1704382e-14
0.917969 2.1752253e-14
0.918262 2.1815152e-14
0.918555 2.2043416e-14
0.918848 2.2365461e-14
0.919141 2.2472482e-14
0.919434 2.2512853e-14
0.919727 2.2136074e-14
0.92002 2.1851475e-14
0.920313 2.1758013e-14
0.920606 2.2351829e-14
0.920899 2.3009718e-14
0.921192 2.380488e-14
0.921485 2.3956296e-14
0.921778 2.3543821e-14
0.922071 2.2787851e-14
0.922364 2.2164823e-14
0.922657 2.1917808e-14
0.92295 2.2421028e-14
0.923243 2.3224639e-14
0.923536 2.3820281e-14
0.923829 2.4484204e-14
0.924122 2.4287457e-14
0.924415 2.3352305e-14
0.924708 2.2513282e-14
0.925001 2.2141517e-14
0.925294 2.1639877e-14
0.925587 2.1525177e-14
0.92588 2.1829457e-14
0.926173 2.2004935e-14
0.926466 2.2397387e-14
0.926759 2.2158299e-14
0.927052 2.1498994e-14
0.927345 2.138473e-14
0.927638 2.1343704e-14
0.927931 2.1455414e-14
0.928224 2.124975e-14
0.928517 2.1263681e-14
0.92881 2.1266936e-14
0.929103 2.1200057e-14
0.929396 2.0807117e-14
0.929689 2.0846059e-14
0.929982 2.0600641e-14
0.930275 2.0087413e-14
0.930568 1.9815736e-14
0.930861 1.9883253e-14
0.931154 1.9879965e-14
0.931447 2.0070354e-14
0.93174 1.9983283e-14
0.932033 1.9516988e-14
0.932326 1.8851174e-14
0.932619 1.8243565e-14
0.932912 1.7441094e-14
0.933205 1.6910787e-14
0.933498 1.6826521e-14
0.933791 1.7049579e-14
0.934084 1.6605103e-14
0.934377 1.6521484e-14
0.93467 1.5801234e-14
0.934963 1.547848e-14
0.935256 1.3961686e-14
0.935549 1.3283909e-14
0.935842 1.4225519e-14
0.936135 1.534189e-14
0.936428 1.5184277e-14
0.936721 1.4498422e-14
0.937014 1.4733532e-14
0.937307 1.5577685e-14
0.9376 1.5868439e-14
0.937893 1.5350502e-14
0.938186 1.5213469e-14
0.938479 1.5584302e-14
0.938772 1.5945888e-14
0.939065 1.5979724e-14
0.939358 1.6637777e-14
0.939651 1.747782e-14
0.939944 1.8046413e-14
0.940237 1.857405e-14
0.94053 1.9099392e-14
0.940823 1.9267458e-14
0.941116 1.9288385e-14
0.941409 1.9428088e-14
0.941702 1.989735e-14
0.941995 2.0036815e-14
0.942288 1.9762373e-14
0.942581 1.9525651e-14
0.942874 1.9126241e-14
0.943167 1.8855927e-14
0.94346 1.838708e-14
0.943753 1.748417e-14
0.944046 1.7001764e-14
0.944339 1.8134706e-14
0.944632 1.9226172e-14
0.944925 1.8538805e-14
0.945218 1.7370715e-14
0.945511 1.6915898e-14
0.945804 1.7547041e-14
0.946097 1.831827e-14
0.94639 1.8333618e-14
0.946683 1.760366e-14
0.946976 1.7267697e-14
0.947269 1.7752057e-14
0.947562 1.8705364e-14
0.947855 1.9015446e-14
0.948148 1.9000741e-14
0.948441 1.8744006e-14
0.948734 1.8429484e-14
0.949027 1.8318241e-14
0.94932 1.7775434e-14
0.949613 1.863582e-14
0.949906 1.995832e-14
0.950199 2.0674743e-14
0.950492 1.9669374e-14
0.950785 1.8355971e-14
0.951078 1.786363e-14
0.951371 1.8194402e-14
0.951664 1.934593e-14
0.951957 2.0078882e-14
0.95225 1.9959854e-14
0.952543 1.970947e-14
0.952836 1.9043344e-14
0.953129 1.8322719e-14
0.953422 1.8111055e-14
0.953715 1.8491937e-14
0.954008 1.9241826e-14
0.954301 1.9603426e-14
0.954594 1.9655655e-14
0.954887 1.9851012e-14
0.95518 2.0000095e-14
0.955473 1.9995204e-14
0.955766 2.039986e-14
0.956059 2.0814681e-14
0.956352 2.0213842e-14
0.956645 1.9117928e-14
0.956938 1.8819705e-14
0.957231 1.9276972e-14
0.957524 1.9460865e-14
0.957817 1.9649541e-14
0.95811 2.0117305e-14
0.958403 2.0790037e-14
0.958696 2.084333e-14
0.958989 2.0406789e-14
0.959282 2.016009e-14
0.959575 1.9980921e-14
0.959868 1.9698873e-14
0.960161 1.9367812e-14
0.960454 1.9732939e-14
0.960747 2.0230205e-14
0.96104 2.0803065e-14
0.961333 2.1124634e-14
0.961626 2.1217816e-14
0.961919 2.1011369e-14
0.962212 2.0969387e-14
0.962505 2.0616438e-14
0.962798 2.04316e-14
0.963091 2.0427577e-14
0.963384 2.0797349e-14
0.963677 2.1163238e-14
0.96397 2.1504727e-14
0.964263 2.1431268e-14
0.964556 2.0694138e-14
0.964849 1.9249932e-14
0.965142 1.8326315e-14
0.965435 1.844078e-14
0.965728 1.8850293e-14
0.966021 1.9691864e-14
0.966314 2.0255709e-14
0.966607 2.0706434e-14
0.9669 2.06302e-14
0.967193 2.0122718e-14
0.967486 1.9618787e-14
0.967779 1.9158554e-14
0.968072 1.8772281e-14
0.968365 1.8922418e-14
0.968658 1.9184124e-14
0.968951 1.9712115e-14
0.969244 2.047158e-14
0.969537 2.093889e-14
0.96983 2.1093689e-14
0.970123 2.0175706e-14
