# %ECSV 0.9
# ---
# datatype:
# - {name: wavelength, unit: micron, datatype: float32}
# - {name: flux, unit: erg / (Angstrom cm2 s), datatype: float32}
# meta: !!omap
# - __serialized_columns__:
#     flux:
#       __class__: astropy.units.quantity.Quantity
#       unit: !astropy.units.Unit {unit: erg / (Angstrom cm2 s)}
#       value: !astropy.table.SerializedColumn {name: flux}
#     wavelength:
#       __class__: astropy.units.quantity.Quantity
#       unit: !astropy.units.Unit {unit: micron}
#       value: !astropy.table.SerializedColumn {name: wavelength}
# schema: astropy-2.0
wavelength flux
0.320097 6.54829e-15
0.320201 1.32147e-14
0.320305 8.43663e-15
0.320409 8.27736e-15
0.320513 1.30998e-14
0.320617 9.2205e-15
0.320721 7.11886e-15
0.320826 1.09425e-14
0.32093 1.02022e-14
0.321034 7.88112e-15
0.321138 9.01784e-15
0.321242 7.71712e-15
0.321346 9.4115e-15
0.321451 1.05784e-14
0.321555 6.89267e-15
0.321659 8.56196e-15
0.321763 6.46301e-15
0.321867 6.45605e-15
0.321972 8.57258e-15
0.322076 8.03529e-15
0.32218 9.12607e-15
0.322284 8.07896e-15
0.322388 7.45918e-15
0.322493 7.3929e-15
0.322597 9.30456e-15
0.322701 9.60254e-15
0.322805 1.10241e-14
0.32291 9.82752e-15
0.323014 9.97937e-15
0.323118 9.10653e-15
0.323223 9.05272e-15
0.323327 7.16434e-15
0.323431 1.02805e-14
0.323535 8.58833e-15
0.32364 9.28177e-15
0.323744 1.05858e-14
0.323848 8.72914e-15
0.323953 8.32182e-15
0.324057 7.68857e-15
0.324161 8.37568e-15
0.324266 8.67381e-15
0.32437 6.43661e-15
0.324475 7.51619e-15
0.324579 6.54548e-15
0.324683 7.76542e-15
0.324788 1.07235e-14
0.324892 8.66827e-15
0.324996 6.39916e-15
0.325101 8.00726e-15
0.325205 6.06999e-15
0.32531 8.26364e-15
0.325414 7.271e-15
0.325519 7.5605e-15
0.325623 9.04273e-15
0.325727 1.05347e-14
0.325832 7.85666e-15
0.325936 1.0554e-14
0.326041 9.18506e-15
0.326145 8.30405e-15
0.32625 8.08395e-15
0.326354 7.07769e-15
0.326459 8.68822e-15
0.326563 8.07842e-15
0.326668 8.54981e-15
0.326772 8.4936e-15
0.326877 9.10875e-15
0.326981 9.71886e-15
0.327086 8.6905e-15
0.32719 9.30796e-15
0.327295 9.39085e-15
0.327399 7.7992e-15
0.327504 6.69684e-15
0.327608 1.03077e-14
0.327713 8.27515e-15
0.327818 8.05138e-15
0.327922 9.47846e-15
0.328027 8.91873e-15
0.328131 8.89101e-15
0.328236 9.87798e-15
0.328341 1.01049e-14
0.328445 7.93786e-15
0.32855 8.98011e-15
0.328654 7.47218e-15
0.328759 8.55463e-15
0.328864 7.25626e-15
0.328968 8.23882e-15
0.329073 9.05537e-15
0.329178 7.37819e-15
0.329282 6.98088e-15
0.329387 8.12533e-15
0.329492 7.66791e-15
0.329596 8.38672e-15
0.329701 7.32057e-15
0.329806 8.29723e-15
0.32991 8.02617e-15
0.330015 8.02789e-15
0.33012 8.14841e-15
0.330224 8.64509e-15
0.330329 7.20781e-15
0.330434 7.40877e-15
0.330539 6.91534e-15
0.330643 8.74907e-15
0.330748 8.17057e-15
0.330853 7.22859e-15
0.330958 8.63727e-15
0.331062 6.902e-15
0.331167 8.82882e-15
0.331272 6.86067e-15
0.331377 8.71972e-15
0.331482 8.005e-15
0.331586 9.5204e-15
0.331691 8.40833e-15
0.331796 7.7999e-15
0.331901 6.68986e-15
0.332006 7.40242e-15
0.33211 9.97625e-15
0.332215 9.12477e-15
0.33232 8.08648e-15
0.332425 8.44586e-15
0.33253 8.68102e-15
0.332635 8.61392e-15
0.332739 9.40919e-15
0.332844 8.29671e-15
0.332949 9.26771e-15
0.333054 9.0746e-15
0.333159 8.47067e-15
0.333264 7.7612e-15
0.333369 8.68765e-15
0.333474 7.36152e-15
0.333579 8.92664e-15
0.333684 7.63992e-15
0.333788 8.25276e-15
0.333893 8.17012e-15
0.333998 9.5296e-15
0.334103 8.50106e-15
0.334208 8.36585e-15
0.334313 8.40083e-15
0.334418 9.02687e-15
0.334523 7.91812e-15
0.334628 7.50239e-15
0.334733 1.04031e-14
0.334838 8.66034e-15
0.334943 8.88704e-15
0.335048 8.17454e-15
0.335153 8.31514e-15
0.335258 8.26764e-15
0.335363 7.88513e-15
0.335468 7.51133e-15
0.335573 9.83055e-15
0.335678 7.44602e-15
0.335783 7.60514e-15
0.335888 8.92621e-15
0.335993 7.65899e-15
0.336098 7.29448e-15
0.336203 8.00755e-15
0.336308 7.73196e-15
0.336413 7.87981e-15
0.336519 8.4703e-15
0.336624 7.85116e-15
0.336729 8.09268e-15
0.336834 7.10286e-15
0.336939 8.91908e-15
0.337044 8.69979e-15
0.337149 7.9284e-15
0.337254 8.89484e-15
0.337359 9.07616e-15
0.337465 8.94405e-15
0.33757 8.46558e-15
0.337675 8.53871e-15
0.33778 1.12534e-14
0.337885 9.18729e-15
0.33799 8.9483e-15
0.338095 8.94627e-15
0.338201 9.11603e-15
0.338306 7.92718e-15
0.338411 7.75267e-15
0.338516 9.21053e-15
0.338621 9.3992e-15
0.338727 9.29884e-15
0.338832 9.27951e-15
0.338937 8.01333e-15
0.339042 8.87274e-15
0.339147 1.02357e-14
0.339253 8.99795e-15
0.339358 9.62922e-15
0.339463 8.70525e-15
0.339568 7.44263e-15
0.339674 8.56938e-15
0.339779 7.58535e-15
0.339884 9.5571e-15
0.339989 9.49986e-15
0.340095 8.74882e-15
0.3402 8.92777e-15
0.340305 9.06534e-15
0.340411 9.03601e-15
0.340516 9.97078e-15
0.340621 9.53838e-15
0.340727 8.92112e-15
0.340832 9.9672e-15
0.340937 9.04008e-15
0.341042 1.00162e-14
0.341148 8.80285e-15
0.341253 8.00016e-15
0.341358 8.25071e-15
0.341464 8.43102e-15
0.341569 8.50903e-15
0.341675 7.82247e-15
0.34178 8.95631e-15
0.341885 9.47505e-15
0.341991 9.02805e-15
0.342096 7.10761e-15
0.342201 8.65931e-15
0.342307 9.44592e-15
0.342412 8.23136e-15
0.342518 8.44353e-15
0.342623 8.00302e-15
0.342729 8.56667e-15
0.342834 9.02911e-15
0.342939 8.33209e-15
0.343045 8.87096e-15
0.34315 9.69001e-15
0.343256 7.74608e-15
0.343361 8.80756e-15
0.343467 8.75205e-15
0.343572 7.73923e-15
0.343678 8.64723e-15
0.343783 9.0178e-15
0.343889 7.99345e-15
0.343994 8.56414e-15
0.344099 7.9813e-15
0.344205 9.65919e-15
0.34431 9.60271e-15
0.344416 8.31459e-15
0.344522 9.21151e-15
0.344627 9.0256e-15
0.344733 9.06978e-15
0.344838 8.19102e-15
0.344944 8.95738e-15
0.345049 9.17136e-15
0.345155 8.90729e-15
0.34526 8.88863e-15
0.345366 8.90567e-15
0.345471 9.19773e-15
0.345577 1.08673e-14
0.345683 9.45545e-15
0.345788 9.69419e-15
0.345894 7.97632e-15
0.345999 1.03266e-14
0.346105 9.55003e-15
0.346211 9.24871e-15
0.346316 9.12281e-15
0.346422 9.56767e-15
0.346527 9.27143e-15
0.346633 9.32443e-15
0.346739 9.54461e-15
0.346844 8.99638e-15
0.34695 9.53769e-15
0.347056 9.55122e-15
0.347161 8.2272e-15
0.347267 8.78673e-15
0.347373 9.1515e-15
0.347478 8.37219e-15
0.347584 8.35307e-15
0.34769 9.14885e-15
0.347795 8.73151e-15
0.347901 8.5612e-15
0.348007 8.46201e-15
0.348112 8.4832e-15
0.348218 7.83149e-15
0.348324 7.90958e-15
0.34843 9.08389e-15
0.348535 9.22596e-15
0.348641 8.42649e-15
0.348747 9.36151e-15
0.348852 8.60297e-15
0.348958 8.55106e-15
0.349064 9.17259e-15
0.34917 9.40408e-15
0.349275 8.39035e-15
0.349381 8.61705e-15
0.349487 8.89901e-15
0.349593 8.8874e-15
0.349699 9.04067e-15
0.349804 8.48064e-15
0.34991 1.01834e-14
0.350016 9.84939e-15
0.350122 8.8138e-15
0.350228 9.52476e-15
0.350333 9.98831e-15
0.350439 9.59666e-15
0.350545 9.39466e-15
0.350651 8.91922e-15
0.350757 9.78615e-15
0.350863 9.98682e-15
0.350968 9.47193e-15
0.351074 8.91112e-15
0.35118 9.79475e-15
0.351286 1.10087e-14
0.351392 9.32216e-15
0.351498 1.01879e-14
0.351604 9.21161e-15
0.35171 9.35918e-15
0.351815 9.94946e-15
0.351921 1.06477e-14
0.352027 9.91726e-15
0.352133 9.66132e-15
0.352239 1.02804e-14
0.352345 9.46553e-15
0.352451 8.91622e-15
0.352557 9.99881e-15
0.352663 1.00477e-14
0.352769 1.01968e-14
0.352875 1.02489e-14
0.352981 9.95094e-15
0.353087 9.66976e-15
0.353192 9.62913e-15
0.353298 8.82758e-15
0.353404 9.22667e-15
0.35351 9.51937e-15
0.353616 9.8211e-15
0.353722 9.69608e-15
0.353828 8.23513e-15
0.353934 8.99961e-15
0.35404 9.50433e-15
0.354146 9.64507e-15
0.354252 9.95183e-15
0.354358 9.63457e-15
0.354464 9.89053e-15
0.35457 9.2534e-15
0.354676 9.31555e-15
0.354782 9.91366e-15
0.354889 9.71205e-15
0.354995 8.25458e-15
0.355101 8.93928e-15
0.355207 9.32325e-15
0.355313 8.76697e-15
0.355419 8.53971e-15
0.355525 9.32472e-15
0.355631 9.09824e-15
0.355737 9.02749e-15
0.355843 9.28921e-15
0.355949 9.26589e-15
0.356055 8.3605e-15
0.356161 9.26217e-15
0.356268 8.94609e-15
0.356374 8.99139e-15
0.35648 9.38499e-15
0.356586 9.02527e-15
0.356692 9.07874e-15
0.356798 9.67529e-15
0.356904 9.04451e-15
0.35701 8.74586e-15
0.357117 9.43496e-15
0.357223 9.01965e-15
0.357329 9.80431e-15
0.357435 8.55103e-15
0.357541 8.46111e-15
0.357647 9.26292e-15
0.357754 1.02084e-14
0.35786 9.45991e-15
0.357966 9.16772e-15
0.358072 9.68682e-15
0.358178 9.90556e-15
0.358285 9.55538e-15
0.358391 9.48605e-15
0.358497 9.70449e-15
0.358603 9.95172e-15
0.358709 1.03572e-14
0.358816 9.22223e-15
0.358922 9.74161e-15
0.359028 9.82442e-15
0.359134 9.51322e-15
0.359241 9.05357e-15
0.359347 9.76109e-15
0.359453 8.95375e-15
0.359559 1.04552e-14
0.359666 9.11489e-15
0.359772 1.00306e-14
0.359878 9.64456e-15
0.359985 9.71476e-15
0.360091 9.63566e-15
0.360197 9.28372e-15
0.360303 9.53597e-15
0.36041 9.75516e-15
0.360516 9.67174e-15
0.360622 9.69015e-15
0.360729 9.67658e-15
0.360835 9.84309e-15
0.360941 9.82959e-15
0.361048 9.84421e-15
0.361154 9.40218e-15
0.36126 9.17841e-15
0.361367 9.3917e-15
0.361473 9.05698e-15
0.361579 9.2912e-15
0.361686 9.52246e-15
0.361792 9.84593e-15
0.361899 8.72023e-15
0.362005 9.15969e-15
0.362111 9.0956e-15
0.362218 1.00483e-14
0.362324 9.06451e-15
0.36243 9.63001e-15
0.362537 9.48538e-15
0.362643 1.00325e-14
0.36275 9.70139e-15
0.362856 1.01212e-14
0.362962 9.36929e-15
0.363069 8.79983e-15
0.363175 8.99052e-15
0.363282 9.79492e-15
0.363388 1.00351e-14
0.363495 9.66526e-15
0.363601 1.0032e-14
0.363708 9.03551e-15
0.363814 1.06885e-14
0.36392 9.4955e-15
0.364027 9.41215e-15
0.364133 9.82215e-15
0.36424 9.59575e-15
0.364346 9.57951e-15
0.364453 9.16256e-15
0.364559 9.39539e-15
0.364666 9.8381e-15
0.364772 9.22916e-15
0.364879 9.63437e-15
0.364985 8.97855e-15
0.365092 9.61383e-15
0.365198 9.91262e-15
0.365305 1.03701e-14
0.365411 9.88894e-15
0.365518 1.03352e-14
0.365625 1.08339e-14
0.365731 1.03408e-14
0.365838 1.03578e-14
0.365944 9.64533e-15
0.366051 1.02616e-14
0.366157 9.89892e-15
0.366264 1.02354e-14
0.36637 9.8803e-15
0.366477 1.05029e-14
0.366584 9.80473e-15
0.36669 1.0272e-14
0.366797 1.0079e-14
0.366903 9.3195e-15
0.36701 9.90744e-15
0.367117 1.04173e-14
0.367223 9.84995e-15
0.36733 1.0064e-14
0.367436 1.02609e-14
0.367543 1.0389e-14
0.36765 1.05525e-14
0.367756 9.92584e-15
0.367863 1.07528e-14
0.36797 1.00154e-14
0.368076 9.63903e-15
0.368183 9.52284e-15
0.36829 1.06806e-14
0.368396 1.00191e-14
0.368503 1.02918e-14
0.36861 9.2937e-15
0.368716 9.77571e-15
0.368823 9.84196e-15
0.36893 1.07451e-14
0.369036 1.02954e-14
0.369143 9.79498e-15
0.36925 9.97243e-15
0.369356 1.04762e-14
0.369463 1.0325e-14
0.36957 9.55746e-15
0.369676 9.84722e-15
0.369783 9.69471e-15
0.36989 1.00459e-14
0.369997 9.73614e-15
0.370103 1.01786e-14
0.37021 1.03922e-14
0.370317 1.0045e-14
0.370424 1.01513e-14
0.37053 1.01431e-14
0.370637 1.0039e-14
0.370744 1.00452e-14
0.370851 1.06317e-14
0.370957 9.7084e-15
0.371064 9.61391e-15
0.371171 9.33718e-15
0.371278 9.22879e-15
0.371385 9.52737e-15
0.371491 9.20931e-15
0.371598 9.46681e-15
0.371705 9.96181e-15
0.371812 9.75909e-15
0.371919 9.43845e-15
0.372025 9.30368e-15
0.372132 9.68906e-15
0.372239 9.13556e-15
0.372346 9.40667e-15
0.372453 8.8644e-15
0.372559 8.62368e-15
0.372666 9.57564e-15
0.372773 1.06685e-14
0.37288 9.96868e-15
0.372987 1.04492e-14
0.373094 1.09191e-14
0.373201 1.07607e-14
0.373307 1.09446e-14
0.373414 1.02814e-14
0.373521 1.03078e-14
0.373628 9.63144e-15
0.373735 9.47322e-15
0.373842 9.00813e-15
0.373949 8.82694e-15
0.374056 9.51725e-15
0.374163 9.56795e-15
0.374269 9.52529e-15
0.374376 9.67601e-15
0.374483 1.13355e-14
0.37459 1.09312e-14
0.374697 1.15424e-14
0.374804 1.12768e-14
0.374911 1.07912e-14
0.375018 1.06487e-14
0.375125 1.06499e-14
0.375232 9.63943e-15
0.375339 9.68513e-15
0.375446 9.60242e-15
0.375553 9.18606e-15
0.37566 8.87466e-15
0.375767 8.27708e-15
0.375874 8.63927e-15
0.37598 8.26923e-15
0.376088 9.25589e-15
0.376194 8.64988e-15
0.376301 9.44448e-15
0.376408 1.0511e-14
0.376515 1.04977e-14
0.376622 1.23601e-14
0.376729 1.17854e-14
0.376836 1.2373e-14
0.376943 1.1296e-14
0.37705 1.15423e-14
0.377157 1.08082e-14
0.377265 9.77867e-15
0.377372 9.98331e-15
0.377479 1.02932e-14
0.377586 9.19475e-15
0.377693 8.74705e-15
0.3778 8.77277e-15
0.377907 9.00144e-15
0.378014 8.85427e-15
0.378121 8.3344e-15
0.378228 8.60265e-15
0.378335 8.74655e-15
0.378442 7.86946e-15
0.378549 8.36629e-15
0.378656 8.73201e-15
0.378763 8.39161e-15
0.37887 8.93525e-15
0.378977 9.37558e-15
0.379085 1.00856e-14
0.379192 1.12754e-14
0.379299 1.15798e-14
0.379406 1.16392e-14
0.379513 1.2355e-14
0.37962 1.24622e-14
0.379727 1.19713e-14
0.379834 1.10544e-14
0.379941 1.0304e-14
0.380049 1.03294e-14
0.380156 9.86774e-15
0.380263 1.00304e-14
0.38037 9.18962e-15
0.380477 8.80577e-15
0.380584 8.94498e-15
0.380691 8.35849e-15
0.380799 8.39243e-15
0.380906 8.22144e-15
0.381013 7.47229e-15
0.38112 8.19756e-15
0.381227 8.55738e-15
0.381335 8.53038e-15
0.381442 8.27917e-15
0.381549 8.10242e-15
0.381656 8.64516e-15
0.381763 8.92752e-15
0.38187 8.44619e-15
0.381978 8.86565e-15
0.382085 7.93234e-15
0.382192 8.43536e-15
0.382299 8.48856e-15
0.382407 8.61874e-15
0.382514 8.87689e-15
0.382621 9.31445e-15
0.382728 9.75349e-15
0.382835 1.08989e-14
0.382943 1.14451e-14
0.38305 1.25629e-14
0.383157 1.3073e-14
0.383264 1.26348e-14
0.383372 1.28817e-14
0.383479 1.2181e-14
0.383586 1.19429e-14
0.383693 1.11043e-14
0.383801 9.95245e-15
0.383908 1.01616e-14
0.384015 9.31754e-15
0.384123 9.07807e-15
0.38423 8.55763e-15
0.384337 9.1066e-15
0.384444 8.62111e-15
0.384552 8.75253e-15
0.384659 7.93821e-15
0.384766 8.68135e-15
0.384874 8.95021e-15
0.384981 8.06029e-15
0.385088 7.68303e-15
0.385196 8.08115e-15
0.385303 8.19234e-15
0.38541 7.95685e-15
0.385518 8.51518e-15
0.385625 8.12485e-15
0.385732 8.31087e-15
0.38584 7.87779e-15
0.385947 7.91488e-15
0.386054 8.07635e-15
0.386162 8.13575e-15
0.386269 8.04105e-15
0.386376 8.09012e-15
0.386484 8.6433e-15
0.386591 8.42375e-15
0.386699 8.30607e-15
0.386806 8.23362e-15
0.386913 8.58852e-15
0.387021 8.59667e-15
0.387128 9.00016e-15
0.387236 8.47014e-15
0.387343 8.55793e-15
0.38745 8.43447e-15
0.387558 8.97146e-15
0.387665 8.78375e-15
0.387773 9.32668e-15
0.38788 9.16796e-15
0.387987 1.02862e-14
0.388095 1.09118e-14
0.388202 1.20055e-14
0.38831 1.32794e-14
0.388417 1.39313e-14
0.388525 1.43974e-14
0.388632 1.4532e-14
0.388739 1.42094e-14
0.388847 1.33435e-14
0.388954 1.27411e-14
0.389062 1.15342e-14
0.389169 1.15391e-14
0.389277 1.09203e-14
0.389384 1.06756e-14
0.389492 9.86409e-15
0.389599 9.69883e-15
0.389707 9.30447e-15
0.389814 9.66764e-15
0.389922 8.92698e-15
0.390029 8.96931e-15
0.390137 8.93882e-15
0.390244 9.10052e-15
0.390352 8.74875e-15
0.390459 8.44296e-15
0.390567 9.22409e-15
0.390674 8.9882e-15
0.390782 8.78442e-15
0.390889 9.00349e-15
0.390997 8.79295e-15
0.391104 8.71301e-15
0.391212 8.60296e-15
0.391319 8.58599e-15
0.391427 8.21044e-15
0.391534 8.32265e-15
0.391642 8.45493e-15
0.39175 8.41559e-15
0.391857 8.19503e-15
0.391965 7.88822e-15
0.392072 7.95454e-15
0.39218 8.31211e-15
0.392287 8.22321e-15
0.392395 8.21566e-15
0.392502 8.11866e-15
0.39261 7.67791e-15
0.392718 9.2643e-15
0.392825 1.02356e-14
0.392933 1.16754e-14
0.39304 1.24314e-14
0.393148 1.23305e-14
0.393256 1.19618e-14
0.393363 1.15601e-14
0.393471 1.10247e-14
0.393578 1.05468e-14
0.393686 9.26885e-15
0.393794 8.19728e-15
0.393901 7.97834e-15
0.394009 8.30484e-15
0.394117 8.26986e-15
0.394224 8.25185e-15
0.394332 8.09098e-15
0.394439 8.26872e-15
0.394547 8.49733e-15
0.394655 8.31169e-15
0.394762 8.23687e-15
0.39487 8.57084e-15
0.394978 9.02031e-15
0.395085 9.02244e-15
0.395193 8.65914e-15
0.395301 8.94139e-15
0.395408 8.60614e-15
0.395516 8.88711e-15
0.395624 8.80991e-15
0.395731 8.61518e-15
0.395839 9.12666e-15
0.395947 9.06257e-15
0.396054 9.82234e-15
0.396162 1.12632e-14
0.39627 1.2753e-14
0.396378 1.62733e-14
0.396485 1.82893e-14
0.396593 1.92939e-14
0.396701 1.81732e-14
0.396808 1.69768e-14
0.396916 1.62235e-14
0.397024 1.50725e-14
0.397132 1.31439e-14
0.397239 1.1837e-14
0.397347 1.13227e-14
0.397455 1.06282e-14
0.397562 1.08674e-14
0.39767 9.97089e-15
0.397778 9.7448e-15
0.397886 9.79289e-15
0.397993 9.9956e-15
0.398101 9.60913e-15
0.398209 9.16095e-15
0.398317 9.40339e-15
0.398425 9.31858e-15
0.398532 9.0322e-15
0.39864 9.53191e-15
0.398748 9.05166e-15
0.398856 9.16032e-15
0.398963 9.19175e-15
0.399071 9.49341e-15
0.399179 9.58368e-15
0.399287 9.0735e-15
0.399395 9.39368e-15
0.399502 9.3736e-15
0.39961 9.33482e-15
0.399718 9.50266e-15
0.399826 9.6977e-15
0.399934 9.61512e-15
0.400041 9.36822e-15
0.400149 9.46563e-15
0.400257 9.13644e-15
0.400365 9.35263e-15
0.400473 9.46558e-15
0.40058 9.50724e-15
0.400688 9.52196e-15
0.400796 9.57329e-15
0.400904 9.67617e-15
0.401012 9.97063e-15
0.40112 9.84393e-15
0.401228 1.00712e-14
0.401335 1.03075e-14
0.401443 9.4661e-15
0.401551 9.85092e-15
0.401659 1.013e-14
0.401767 9.64394e-15
0.401875 9.66047e-15
0.401983 1.01974e-14
0.40209 1.05909e-14
0.402198 1.09769e-14
0.402306 1.11335e-14
0.402414 1.17252e-14
0.402522 1.07069e-14
0.40263 1.13251e-14
0.402738 1.08388e-14
0.402846 1.05575e-14
0.402954 9.79244e-15
0.403061 9.53281e-15
0.403169 9.35914e-15
0.403277 9.43648e-15
0.403385 9.48149e-15
0.403493 9.44408e-15
0.403601 9.82811e-15
0.403709 9.34869e-15
0.403817 1.0088e-14
0.403925 9.90395e-15
0.404033 9.9802e-15
0.404141 9.77707e-15
0.404249 9.36142e-15
0.404357 9.70257e-15
0.404465 9.70617e-15
0.404572 9.1546e-15
0.40468 9.84027e-15
0.404788 1.03287e-14
0.404896 1.00921e-14
0.405004 1.04406e-14
0.405112 1.03643e-14
0.40522 1.03846e-14
0.405328 1.06361e-14
0.405436 1.02856e-14
0.405544 1.02665e-14
0.405652 1.01446e-14
0.40576 1.04039e-14
0.405868 9.77082e-15
0.405976 1.00879e-14
0.406084 9.45535e-15
0.406192 1.00461e-14
0.4063 1.00133e-14
0.406408 1.01215e-14
0.406516 1.03489e-14
0.406624 1.02294e-14
0.406732 1.00692e-14
0.40684 1.06306e-14
0.406948 1.02437e-14
0.407056 9.58459e-15
0.407164 1.01291e-14
0.407272 1.03518e-14
0.40738 1.03492e-14
0.407488 1.02516e-14
0.407596 1.03841e-14
0.407704 1.04015e-14
0.407812 1.05936e-14
0.40792 1.07021e-14
0.408028 1.09363e-14
0.408136 1.07764e-14
0.408244 1.12429e-14
0.408352 1.11584e-14
0.408461 1.10564e-14
0.408569 1.13724e-14
0.408677 1.16982e-14
0.408785 1.2056e-14
0.408893 1.17478e-14
0.409001 1.23304e-14
0.409109 1.25144e-14
0.409217 1.30985e-14
0.409325 1.34963e-14
0.409433 1.45999e-14
0.409541 1.63536e-14
0.409649 1.73399e-14
0.409757 1.73555e-14
0.409865 1.71245e-14
0.409974 1.69634e-14
0.410082 1.59087e-14
0.41019 1.46954e-14
0.410298 1.43996e-14
0.410406 1.38372e-14
0.410514 1.3015e-14
0.410622 1.28483e-14
0.41073 1.26257e-14
0.410838 1.23111e-14
0.410947 1.20266e-14
0.411055 1.13773e-14
0.411163 1.13251e-14
0.411271 1.11032e-14
0.411379 1.06932e-14
0.411487 1.11361e-14
0.411595 1.13199e-14
0.411703 1.06623e-14
0.411812 1.06499e-14
0.41192 1.11406e-14
0.412028 1.03718e-14
0.412136 1.1252e-14
0.412244 1.08273e-14
0.412352 1.10024e-14
0.41246 1.10697e-14
0.412569 1.07365e-14
0.412677 1.1096e-14
0.412785 1.06626e-14
0.412893 1.03692e-14
0.413001 1.03095e-14
0.41311 1.02978e-14
0.413218 1.00383e-14
0.413326 1.04976e-14
0.413434 1.01678e-14
0.413542 1.05831e-14
0.41365 1.0725e-14
0.413759 1.1018e-14
0.413867 1.05917e-14
0.413975 1.05131e-14
0.414083 1.04257e-14
0.414191 1.06868e-14
0.4143 1.03962e-14
0.414408 1.04443e-14
0.414516 1.04217e-14
0.414624 1.09685e-14
0.414732 1.06541e-14
0.414841 1.07251e-14
0.414949 1.08337e-14
0.415057 1.11718e-14
0.415165 1.06104e-14
0.415274 1.07065e-14
0.415382 1.09524e-14
0.41549 1.06231e-14
0.415598 1.09483e-14
0.415706 1.13968e-14
0.415815 1.13132e-14
0.415923 1.14951e-14
0.416031 1.10215e-14
0.416139 1.1238e-14
0.416248 1.11317e-14
0.416356 1.10729e-14
0.416464 1.10411e-14
0.416572 1.04602e-14
0.416681 1.1035e-14
0.416789 1.05759e-14
0.416897 1.05462e-14
0.417006 1.03738e-14
0.417114 1.04243e-14
0.417222 1.0634e-14
0.41733 1.04342e-14
0.417439 1.07034e-14
0.417547 1.10507e-14
0.417655 1.14321e-14
0.417763 1.10155e-14
0.417872 1.09206e-14
0.41798 1.09874e-14
0.418088 1.1066e-14
0.418197 1.08484e-14
0.418305 1.14039e-14
0.418413 1.14972e-14
0.418522 1.12591e-14
0.41863 1.0926e-14
0.418738 1.14536e-14
0.418846 1.12182e-14
0.418955 1.1534e-14
0.419063 1.12674e-14
0.419171 1.11101e-14
0.41928 1.16243e-14
0.419388 1.13321e-14
0.419496 1.11887e-14
0.419605 1.08344e-14
0.419713 1.06477e-14
0.419821 1.03749e-14
0.41993 1.01144e-14
0.420038 1.06183e-14
0.420146 1.02407e-14
0.420255 1.03771e-14
0.420363 1.1225e-14
0.420471 1.10356e-14
0.42058 1.15215e-14
0.420688 1.14226e-14
0.420797 1.07868e-14
0.420905 1.13966e-14
0.421013 1.10961e-14
0.421122 1.09545e-14
0.42123 1.09886e-14
0.421338 1.10177e-14
0.421447 1.0711e-14
0.421555 1.05781e-14
0.421663 1.08651e-14
0.421772 1.03602e-14
0.42188 1.00076e-14
0.421989 9.78724e-15
0.422097 9.78569e-15
0.422205 9.29735e-15
0.422314 9.33231e-15
0.422422 9.08711e-15
0.42253 8.90787e-15
0.422639 8.96746e-15
0.422747 8.71249e-15
0.422856 9.24552e-15
0.422964 9.54308e-15
0.423073 9.80981e-15
0.423181 1.01379e-14
0.423289 1.03885e-14
0.423398 1.00972e-14
0.423506 1.03849e-14
0.423615 1.05429e-14
0.423723 1.07908e-14
0.423831 1.06482e-14
0.42394 1.08421e-14
0.424048 1.14842e-14
0.424157 1.14025e-14
0.424265 1.14446e-14
0.424373 1.1599e-14
0.424482 1.16334e-14
0.42459 1.15472e-14
0.424699 1.06533e-14
0.424807 1.06661e-14
0.424916 1.05756e-14
0.425024 1.05373e-14
0.425133 1.06364e-14
0.425241 1.03228e-14
0.42535 1.09038e-14
0.425458 1.06742e-14
0.425566 1.03416e-14
0.425675 1.06115e-14
0.425783 1.06433e-14
0.425892 1.09798e-14
0.426 1.09226e-14
0.426109 1.15436e-14
0.426217 1.20269e-14
0.426326 1.15574e-14
0.426434 1.16689e-14
0.426543 1.20955e-14
0.426651 1.19273e-14
0.42676 1.08296e-14
0.426868 1.12071e-14
0.426977 1.09096e-14
0.427085 1.06386e-14
0.427194 1.03168e-14
0.427302 1.07711e-14
0.42741 1.07116e-14
0.427519 1.12272e-14
0.427627 1.14288e-14
0.427736 1.12128e-14
0.427844 1.09463e-14
0.427953 1.15033e-14
0.428061 1.14712e-14
0.42817 1.12806e-14
0.428278 1.11952e-14
0.428387 1.09378e-14
0.428496 1.09168e-14
0.428604 1.09198e-14
0.428712 1.08324e-14
0.428821 1.04831e-14
0.42893 1.05783e-14
0.429038 1.0435e-14
0.429147 1.11979e-14
0.429255 1.13463e-14
0.429364 1.14732e-14
0.429472 1.1552e-14
0.429581 1.13391e-14
0.429689 1.10788e-14
0.429798 1.07967e-14
0.429906 1.0986e-14
0.430015 1.11267e-14
0.430123 1.0924e-14
0.430232 1.10631e-14
0.430341 1.1052e-14
0.430449 1.07229e-14
0.430558 1.06848e-14
0.430666 1.13186e-14
0.430775 1.11722e-14
0.430883 1.14811e-14
0.430992 1.21446e-14
0.4311 1.23631e-14
0.431209 1.2764e-14
0.431318 1.26044e-14
0.431426 1.27182e-14
0.431535 1.26397e-14
0.431643 1.32247e-14
0.431752 1.34167e-14
0.43186 1.28469e-14
0.431969 1.28145e-14
0.432078 1.23005e-14
0.432186 1.27022e-14
0.432295 1.25693e-14
0.432403 1.25555e-14
0.432512 1.27818e-14
0.432621 1.31572e-14
0.432729 1.36567e-14
0.432838 1.4003e-14
0.432946 1.48128e-14
0.433055 1.60384e-14
0.433163 1.6319e-14
0.433272 1.81032e-14
0.433381 1.96167e-14
0.433489 2.09933e-14
0.433598 2.01341e-14
0.433706 2.05427e-14
0.433815 1.92079e-14
0.433924 1.87187e-14
0.434032 1.71945e-14
0.434141 1.63459e-14
0.43425 1.59438e-14
0.434358 1.54789e-14
0.434467 1.58335e-14
0.434575 1.54206e-14
0.434684 1.5981e-14
0.434793 1.563e-14
0.434901 1.49642e-14
0.43501 1.43344e-14
0.435118 1.38028e-14
0.435227 1.40696e-14
0.435336 1.34818e-14
0.435444 1.32984e-14
0.435553 1.36775e-14
0.435662 1.34121e-14
0.43577 1.38679e-14
0.435879 1.42573e-14
0.435988 1.44436e-14
0.436096 1.42898e-14
0.436205 1.43652e-14
0.436314 1.39556e-14
0.436422 1.41402e-14
0.436531 1.41997e-14
0.43664 1.39478e-14
0.436748 1.36285e-14
0.436857 1.34451e-14
0.436966 1.3154e-14
0.437074 1.34418e-14
0.437183 1.3229e-14
0.437291 1.3275e-14
0.4374 1.2643e-14
0.437509 1.31229e-14
0.437618 1.25883e-14
0.437726 1.29002e-14
0.437835 1.28196e-14
0.437943 1.23034e-14
0.438052 1.26333e-14
0.438161 1.22245e-14
0.43827 1.21409e-14
0.438378 1.21085e-14
0.438487 1.23825e-14
0.438596 1.30449e-14
0.438704 1.31165e-14
0.438813 1.33337e-14
0.438922 1.3567e-14
0.43903 1.38803e-14
0.439139 1.3145e-14
0.439248 1.40731e-14
0.439356 1.38492e-14
0.439465 1.38374e-14
0.439574 1.38691e-14
0.439683 1.40589e-14
0.439791 1.36663e-14
0.4399 1.3711e-14
0.440009 1.36651e-14
0.440117 1.27369e-14
0.440226 1.29759e-14
0.440335 1.24766e-14
0.440444 1.26536e-14
0.440552 1.23463e-14
0.440661 1.26524e-14
0.44077 1.33163e-14
0.440878 1.32487e-14
0.440987 1.32078e-14
0.441096 1.36213e-14
0.441205 1.32887e-14
0.441313 1.40245e-14
0.441422 1.35236e-14
0.441531 1.39851e-14
0.441639 1.39122e-14
0.441748 1.393e-14
0.441857 1.43242e-14
0.441966 1.4211e-14
0.442074 1.42156e-14
0.442183 1.38562e-14
0.442292 1.33295e-14
0.442401 1.36276e-14
0.442509 1.35934e-14
0.442618 1.33896e-14
0.442727 1.29568e-14
0.442836 1.33894e-14
0.442944 1.34779e-14
0.443053 1.34514e-14
0.443162 1.31522e-14
0.443271 1.34052e-14
0.443379 1.32717e-14
0.443488 1.39192e-14
0.443597 1.40758e-14
0.443706 1.38486e-14
0.443814 1.39343e-14
0.443923 1.44531e-14
0.444032 1.46307e-14
0.444141 1.45793e-14
0.444249 1.463e-14
0.444358 1.52306e-14
0.444467 1.47474e-14
0.444576 1.46028e-14
0.444684 1.55173e-14
0.444793 1.56539e-14
0.444902 1.5292e-14
0.445011 1.45635e-14
0.44512 1.40014e-14
0.445228 1.34935e-14
0.445337 1.32787e-14
0.445446 1.32673e-14
0.445555 1.27313e-14
0.445663 1.26025e-14
0.445772 1.31111e-14
0.445881 1.31041e-14
0.44599 1.34908e-14
0.446099 1.38115e-14
0.446207 1.40142e-14
0.446316 1.46229e-14
0.446425 1.46729e-14
0.446534 1.56956e-14
0.446643 1.65734e-14
0.446751 1.72515e-14
0.44686 1.77899e-14
0.446969 1.8017e-14
0.447078 1.89756e-14
0.447187 1.80279e-14
0.447295 1.80413e-14
0.447404 1.73252e-14
0.447513 1.72023e-14
0.447622 1.62774e-14
0.447731 1.56977e-14
0.447839 1.56404e-14
0.447948 1.56181e-14
0.448057 1.52117e-14
0.448166 1.50914e-14
0.448275 1.5692e-14
0.448383 1.56986e-14
0.448492 1.5564e-14
0.448601 1.51913e-14
0.44871 1.57178e-14
0.448819 1.55194e-14
0.448928 1.58809e-14
0.449036 1.54563e-14
0.449145 1.52287e-14
0.449254 1.57426e-14
0.449363 1.51397e-14
0.449472 1.49803e-14
0.44958 1.56882e-14
0.449689 1.56598e-14
0.449798 1.61457e-14
0.449907 1.62309e-14
0.450016 1.64752e-14
0.450125 1.64242e-14
0.450233 1.66854e-14
0.450342 1.72183e-14
0.450451 1.6379e-14
0.45056 1.66439e-14
0.450669 1.68935e-14
0.450778 1.68789e-14
0.450887 1.60067e-14
0.450995 1.62629e-14
0.451104 1.62112e-14
0.451213 1.61394e-14
0.451322 1.66545e-14
0.451431 1.68655e-14
0.45154 1.60271e-14
0.451648 1.69481e-14
0.451757 1.65957e-14
0.451866 1.62446e-14
0.451975 1.65084e-14
0.452084 1.64181e-14
0.452193 1.61017e-14
0.452302 1.56991e-14
0.45241 1.52218e-14
0.452519 1.55511e-14
0.452628 1.51486e-14
0.452737 1.47687e-14
0.452846 1.40277e-14
0.452955 1.48597e-14
0.453064 1.44896e-14
0.453172 1.40517e-14
0.453281 1.46511e-14
0.45339 1.51933e-14
0.453499 1.55833e-14
0.453608 1.55006e-14
0.453717 1.60733e-14
0.453826 1.58284e-14
0.453935 1.60023e-14
0.454043 1.68518e-14
0.454152 1.60332e-14
0.454261 1.59084e-14
0.45437 1.60089e-14
0.454479 1.59216e-14
0.454588 1.67134e-14
0.454697 1.63602e-14
0.454806 1.61823e-14
0.454914 1.65828e-14
0.455023 1.62289e-14
0.455132 1.62438e-14
0.455241 1.66994e-14
0.45535 1.6355e-14
0.455459 1.69808e-14
0.455568 1.72877e-14
0.455677 1.75088e-14
0.455785 1.74128e-14
0.455894 1.81649e-14
0.456003 1.80151e-14
0.456112 1.77674e-14
0.456221 1.78014e-14
0.45633 1.76685e-14
0.456439 1.76871e-14
0.456548 1.81917e-14
0.456657 1.81115e-14
0.456766 1.8217e-14
0.456874 1.85603e-14
0.456983 1.87441e-14
0.457092 1.78961e-14
0.457201 1.72561e-14
0.45731 1.80198e-14
0.457419 1.81217e-14
0.457528 1.79893e-14
0.457637 1.757e-14
0.457746 1.757e-14
0.457855 1.75673e-14
0.457963 1.76862e-14
0.458072 1.71911e-14
0.458181 1.68727e-14
0.45829 1.70532e-14
0.458399 1.80565e-14
0.458508 1.72212e-14
0.458617 1.79448e-14
0.458726 1.75868e-14
0.458835 1.80776e-14
0.458944 1.7235e-14
0.459053 1.77776e-14
0.459162 1.75841e-14
0.45927 1.80226e-14
0.459379 1.73164e-14
0.459488 1.76705e-14
0.459597 1.76351e-14
0.459706 1.74369e-14
0.459815 1.75668e-14
0.459924 1.73561e-14
0.460033 1.68368e-14
0.460142 1.74994e-14
0.460251 1.76101e-14
0.46036 1.76059e-14
0.460469 1.82423e-14
0.460577 1.83295e-14
0.460686 1.80628e-14
0.460795 1.85638e-14
0.460904 1.86532e-14
0.461013 1.87006e-14
0.461122 1.90742e-14
0.461231 1.83926e-14
0.46134 1.88534e-14
0.461449 1.8187e-14
0.461558 1.85215e-14
0.461667 1.82375e-14
0.461776 1.86173e-14
0.461885 1.82457e-14
0.461994 1.88442e-14
0.462102 1.84467e-14
0.462211 1.83823e-14
0.46232 1.79921e-14
0.462429 1.8069e-14
0.462538 1.84233e-14
0.462647 1.8392e-14
0.462756 1.81766e-14
0.462865 1.80698e-14
0.462974 1.8804e-14
0.463083 1.85098e-14
0.463192 1.8359e-14
0.463301 1.81355e-14
0.46341 1.79542e-14
0.463519 1.77992e-14
0.463628 1.7744e-14
0.463737 1.77354e-14
0.463846 1.78577e-14
0.463954 1.77591e-14
0.464063 1.76599e-14
0.464172 1.76847e-14
0.464281 1.74182e-14
0.46439 1.75908e-14
0.464499 1.66867e-14
0.464608 1.73425e-14
0.464717 1.71072e-14
0.464826 1.72615e-14
0.464935 1.71189e-14
0.465044 1.75539e-14
0.465153 1.71243e-14
0.465262 1.80083e-14
0.465371 1.77132e-14
0.46548 1.83098e-14
0.465589 1.85189e-14
0.465698 1.88324e-14
0.465807 1.9379e-14
0.465916 1.9158e-14
0.466025 1.89987e-14
0.466134 1.91631e-14
0.466243 1.81996e-14
0.466351 1.79424e-14
0.46646 1.72689e-14
0.466569 1.71143e-14
0.466678 1.75146e-14
0.466787 1.78837e-14
0.466896 1.76178e-14
0.467005 1.68807e-14
0.467114 1.807e-14
0.467223 1.77294e-14
0.467332 1.85024e-14
0.467441 1.83449e-14
0.46755 1.82814e-14
0.467659 1.80868e-14
0.467768 1.7922e-14
0.467877 1.79211e-14
0.467986 1.8295e-14
0.468095 1.89351e-14
0.468204 1.88949e-14
0.468313 1.92407e-14
0.468422 1.91073e-14
0.468531 1.89534e-14
0.46864 1.88961e-14
0.468749 1.86967e-14
0.468858 1.87476e-14
0.468967 1.8873e-14
0.469076 1.81767e-14
0.469184 1.83062e-14
0.469294 1.88063e-14
0.469402 1.80721e-14
0.469511 1.7847e-14
0.46962 1.82381e-14
0.469729 1.82955e-14
0.469838 1.79265e-14
0.469947 1.82852e-14
0.470056 1.78247e-14
0.470165 1.78431e-14
0.470274 1.73936e-14
0.470383 1.79711e-14
0.470492 1.75097e-14
0.470601 1.7361e-14
0.47071 1.82117e-14
0.470819 1.856e-14
0.470928 1.77422e-14
0.471037 1.89034e-14
0.471146 1.85196e-14
0.471255 1.87328e-14
0.471364 1.84805e-14
0.471473 1.85972e-14
0.471582 1.88067e-14
0.471691 1.85512e-14
0.4718 1.83322e-14
0.471909 1.83698e-14
0.472018 1.8555e-14
0.472127 1.88169e-14
0.472236 1.80705e-14
0.472345 1.79716e-14
0.472454 1.72725e-14
0.472563 1.78198e-14
0.472672 1.7587e-14
0.472781 1.73355e-14
0.47289 1.79372e-14
0.472999 1.76161e-14
0.473108 1.79097e-14
0.473217 1.73398e-14
0.473326 1.78648e-14
0.473435 1.80273e-14
0.473544 1.77524e-14
0.473653 1.81311e-14
0.473762 1.8027e-14
0.473871 1.81728e-14
0.473979 1.78373e-14
0.474089 1.77901e-14
0.474197 1.82331e-14
0.474306 1.81009e-14
0.474415 1.85712e-14
0.474524 1.86987e-14
0.474633 1.86727e-14
0.474742 1.85081e-14
0.474851 1.82082e-14
0.47496 1.82613e-14
0.475069 1.74432e-14
0.475178 1.78281e-14
0.475287 1.80723e-14
0.475396 1.75854e-14
0.475505 1.78961e-14
0.475614 1.73172e-14
0.475723 1.76997e-14
0.475832 1.76647e-14
0.475941 1.67165e-14
0.47605 1.70758e-14
0.476159 1.65065e-14
0.476268 1.68756e-14
0.476377 1.63381e-14
0.476486 1.72045e-14
0.476595 1.6418e-14
0.476704 1.61903e-14
0.476813 1.61208e-14
0.476922 1.63126e-14
0.477031 1.66715e-14
0.47714 1.64786e-14
0.477249 1.65068e-14
0.477358 1.60246e-14
0.477467 1.58961e-14
0.477576 1.62168e-14
0.477685 1.66148e-14
0.477794 1.58218e-14
0.477903 1.59713e-14
0.478012 1.60419e-14
0.478121 1.60348e-14
0.47823 1.61773e-14
0.478339 1.59501e-14
0.478448 1.59401e-14
0.478557 1.60786e-14
0.478666 1.65083e-14
0.478775 1.68232e-14
0.478884 1.66972e-14
0.478993 1.67776e-14
0.479102 1.75014e-14
0.479211 1.8464e-14
0.47932 1.76046e-14
0.479429 1.79444e-14
0.479538 1.7895e-14
0.479647 1.78156e-14
0.479756 1.76493e-14
0.479865 1.7929e-14
0.479974 1.80675e-14
0.480083 1.76038e-14
0.480192 1.71989e-14
0.480301 1.74931e-14
0.48041 1.751e-14
0.480519 1.82635e-14
0.480628 1.78483e-14
0.480737 1.74202e-14
0.480846 1.81327e-14
0.480954 1.78699e-14
0.481064 1.75795e-14
0.481172 1.76966e-14
0.481281 1.77022e-14
0.48139 1.8457e-14
0.481499 1.78132e-14
0.481608 1.82306e-14
0.481717 1.82336e-14
0.481826 1.75212e-14
0.481935 1.77838e-14
0.482044 1.78162e-14
0.482153 1.80336e-14
0.482262 1.72742e-14
0.482371 1.74239e-14
0.48248 1.76246e-14
0.482589 1.75188e-14
0.482698 1.68761e-14
0.482807 1.73183e-14
0.482916 1.70053e-14
0.483025 1.71061e-14
0.483134 1.79241e-14
0.483243 1.68989e-14
0.483352 1.79246e-14
0.483461 1.73952e-14
0.48357 1.75328e-14
0.483679 1.82982e-14
0.483788 1.79562e-14
0.483897 1.81895e-14
0.484006 1.84846e-14
0.484115 1.78938e-14
0.484224 1.85678e-14
0.484333 1.85136e-14
0.484442 1.88276e-14
0.484551 1.94119e-14
0.48466 1.94259e-14
0.484769 1.98811e-14
0.484878 2.03583e-14
0.484987 2.11762e-14
0.485096 2.13788e-14
0.485205 2.20988e-14
0.485314 2.36051e-14
0.485423 2.52773e-14
0.485532 2.81021e-14
0.485641 2.81772e-14
0.48575 2.751e-14
0.485859 2.58553e-14
0.485968 2.40911e-14
0.486077 2.32746e-14
0.486185 2.12612e-14
0.486295 2.13853e-14
0.486403 2.02687e-14
0.486512 2.02898e-14
0.486621 2.02086e-14
0.48673 1.99784e-14
0.486839 1.97364e-14
0.486948 2.01778e-14
0.487057 1.91068e-14
0.487166 1.93711e-14
0.487275 1.9313e-14
0.487384 1.89082e-14
0.487493 1.90845e-14
0.487602 1.9087e-14
0.487711 1.83177e-14
0.48782 1.84254e-14
0.487929 1.84444e-14
0.488038 1.8811e-14
0.488147 1.82845e-14
0.488256 1.73402e-14
0.488365 1.80508e-14
0.488474 1.81251e-14
0.488583 1.7607e-14
0.488692 1.74573e-14
0.488801 1.76122e-14
0.48891 1.77269e-14
0.489019 1.75874e-14
0.489128 1.86497e-14
0.489237 1.80845e-14
0.489346 1.92188e-14
0.489455 1.85046e-14
0.489564 1.91052e-14
0.489673 1.89565e-14
0.489781 1.92416e-14
0.48989 1.87914e-14
0.489999 1.90583e-14
0.490108 1.9406e-14
0.490217 1.9044e-14
0.490326 1.89208e-14
0.490435 1.98911e-14
0.490544 1.89578e-14
0.490653 1.96326e-14
0.490762 1.90867e-14
0.490871 1.93817e-14
0.49098 1.93331e-14
0.491089 1.96061e-14
0.491198 1.89524e-14
0.491307 1.9233e-14
0.491416 1.87985e-14
0.491525 1.85053e-14
0.491634 1.84685e-14
0.491743 1.85992e-14
0.491852 1.86804e-14
0.491961 1.88379e-14
0.49207 1.97259e-14
0.492178 1.967e-14
0.492287 2.01011e-14
0.492396 2.01142e-14
0.492505 1.99141e-14
0.492614 2.05477e-14
0.492723 1.98276e-14
0.492832 1.98754e-14
0.492941 1.96809e-14
0.49305 2.05051e-14
0.493159 1.94979e-14
0.493268 2.00007e-14
0.493377 1.92703e-14
0.493486 1.89974e-14
0.493595 1.86861e-14
0.493704 1.8949e-14
0.493813 1.93948e-14
0.493922 1.91186e-14
0.494031 1.96138e-14
0.494139 1.96622e-14
0.494248 1.96957e-14
0.494357 1.97331e-14
0.494466 2.01061e-14
0.494575 2.02171e-14
0.494684 2.1127e-14
0.494793 2.04201e-14
0.494902 2.08762e-14
0.495011 2.08269e-14
0.49512 1.94698e-14
0.495229 1.90588e-14
0.495338 1.92009e-14
0.495447 1.83804e-14
0.495556 1.81177e-14
0.495665 1.78031e-14
0.495773 1.8156e-14
0.495882 1.80549e-14
0.495991 1.83294e-14
0.4961 1.79378e-14
0.496209 1.77964e-14
0.496318 1.80273e-14
0.496427 1.83154e-14
0.496536 1.7972e-14
0.496645 1.85072e-14
0.496754 1.87658e-14
0.496863 1.87235e-14
0.496972 1.93123e-14
0.497081 1.93216e-14
0.497189 1.97031e-14
0.497298 1.93381e-14
0.497407 1.92854e-14
0.497516 1.89952e-14
0.497625 1.89303e-14
0.497734 1.80872e-14
0.497843 1.79304e-14
0.497952 1.74909e-14
0.498061 1.83244e-14
0.49817 1.78962e-14
0.498279 1.77165e-14
0.498388 1.81027e-14
0.498496 1.78434e-14
0.498605 1.84902e-14
0.498714 1.8239e-14
0.498823 1.90014e-14
0.498932 1.82242e-14
0.499041 1.9043e-14
0.49915 1.89459e-14
0.499259 1.8819e-14
0.499368 1.8883e-14
0.499477 1.84694e-14
0.499585 1.86348e-14
0.499694 1.81637e-14
0.499803 1.78412e-14
0.499912 1.7853e-14
0.500021 1.82415e-14
0.50013 1.79721e-14
0.500239 1.78573e-14
0.500348 1.77127e-14
0.500457 1.81304e-14
0.500565 1.80729e-14
0.500674 1.80351e-14
0.500783 1.77049e-14
0.500892 1.78239e-14
0.501001 1.77e-14
0.50111 1.76868e-14
0.501219 1.7562e-14
0.501328 1.85107e-14
0.501437 1.89785e-14
0.501545 1.93874e-14
0.501654 1.91641e-14
0.501763 1.9084e-14
0.501872 1.83324e-14
0.501981 1.84207e-14
0.50209 1.83192e-14
0.502199 1.8095e-14
0.502308 1.81194e-14
0.502417 1.77535e-14
0.502525 1.80502e-14
0.502634 1.83472e-14
0.502743 1.84609e-14
0.502852 1.8222e-14
0.502961 1.88666e-14
0.50307 1.88121e-14
0.503179 1.85821e-14
0.503287 1.90673e-14
0.503396 1.88949e-14
0.503505 1.93344e-14
0.503614 1.76652e-14
0.503723 1.70837e-14
0.503832 1.75695e-14
0.503941 1.67876e-14
0.50405 1.75012e-14
0.504158 1.7911e-14
0.504267 1.80985e-14
0.504376 1.86999e-14
0.504485 1.85188e-14
0.504594 1.81846e-14
0.504703 1.86526e-14
0.504812 1.83758e-14
0.50492 1.92279e-14
0.505029 1.82453e-14
0.505138 1.82944e-14
0.505247 1.80413e-14
0.505356 1.81606e-14
0.505465 1.86779e-14
0.505573 1.8875e-14
0.505682 1.93721e-14
0.505791 1.90526e-14
0.5059 1.90219e-14
0.506009 1.88349e-14
0.506118 1.83741e-14
0.506226 1.85067e-14
0.506335 1.80367e-14
0.506444 1.7362e-14
0.506553 1.80778e-14
0.506662 1.73233e-14
0.506771 1.78615e-14
0.50688 1.7934e-14
0.506988 1.71947e-14
0.507097 1.79492e-14
0.507206 1.84455e-14
0.507315 1.81064e-14
0.507424 1.82483e-14
0.507532 1.77685e-14
0.507641 1.76987e-14
0.50775 1.74627e-14
0.507859 1.7459e-14
0.507968 1.76778e-14
0.508077 1.75379e-14
0.508185 1.75811e-14
0.508294 1.7584e-14
0.508403 1.79365e-14
0.508512 1.79832e-14
0.508621 1.82902e-14
0.508729 1.77599e-14
0.508838 1.86358e-14
0.508947 1.81083e-14
0.509056 1.80085e-14
0.509165 1.85049e-14
0.509274 1.85962e-14
0.509382 1.86535e-14
0.509491 1.82985e-14
0.5096 1.82597e-14
0.509709 1.81214e-14
0.509817 1.81286e-14
0.509926 1.74362e-14
0.510035 1.78914e-14
0.510144 1.72993e-14
0.510253 1.79385e-14
0.510361 1.73134e-14
0.51047 1.72342e-14
0.510579 1.71011e-14
0.510688 1.76989e-14
0.510797 1.71641e-14
0.510905 1.75308e-14
0.511014 1.71053e-14
0.511123 1.84013e-14
0.511232 1.85302e-14
0.511341 1.84867e-14
0.511449 1.83786e-14
0.511558 1.83056e-14
0.511667 1.83097e-14
0.511776 1.83899e-14
0.511884 1.82189e-14
0.511993 1.77241e-14
0.512102 1.83196e-14
0.512211 1.7867e-14
0.512319 1.7552e-14
0.512428 1.73305e-14
0.512537 1.66943e-14
0.512646 1.73707e-14
0.512755 1.75969e-14
0.512863 1.74712e-14
0.512972 1.73301e-14
0.513081 1.79773e-14
0.51319 1.74705e-14
0.513298 1.84465e-14
0.513407 1.84673e-14
0.513516 1.86921e-14
0.513625 1.88629e-14
0.513733 1.84961e-14
0.513842 1.8117e-14
0.513951 1.81281e-14
0.51406 1.76548e-14
0.514168 1.77213e-14
0.514277 1.81783e-14
0.514386 1.75725e-14
0.514495 1.79594e-14
0.514603 1.77117e-14
0.514712 1.77511e-14
0.514821 1.66819e-14
0.514929 1.71433e-14
0.515038 1.69978e-14
0.515147 1.72225e-14
0.515256 1.75525e-14
0.515364 1.76757e-14
0.515473 1.84576e-14
0.515582 1.8719e-14
0.515691 1.89084e-14
0.515799 1.8921e-14
0.515908 1.91138e-14
0.516017 1.98212e-14
0.516125 1.94589e-14
0.516234 1.81032e-14
0.516343 1.83676e-14
0.516452 1.81825e-14
0.51656 1.75103e-14
0.516669 1.72151e-14
0.516778 1.66199e-14
0.516886 1.58691e-14
0.516995 1.61132e-14
0.517104 1.59117e-14
0.517212 1.61283e-14
0.517321 1.57739e-14
0.51743 1.56672e-14
0.517539 1.59209e-14
0.517647 1.58627e-14
0.517756 1.58398e-14
0.517865 1.58313e-14
0.517973 1.53367e-14
0.518082 1.57746e-14
0.518191 1.60868e-14
0.518299 1.63635e-14
0.518408 1.69623e-14
0.518517 1.72059e-14
0.518625 1.73499e-14
0.518734 1.86942e-14
0.518843 1.81423e-14
0.518951 1.78132e-14
0.51906 1.85039e-14
0.519169 1.82243e-14
0.519277 1.84239e-14
0.519386 1.98009e-14
0.519495 1.93857e-14
0.519603 1.93004e-14
0.519712 1.96993e-14
0.519821 1.9315e-14
0.519929 1.8946e-14
0.520038 1.87892e-14
0.520147 1.76618e-14
0.520255 1.72214e-14
0.520364 1.6289e-14
0.520473 1.60475e-14
0.520581 1.58018e-14
0.52069 1.62511e-14
0.520799 1.67154e-14
0.520907 1.74314e-14
0.521016 1.79661e-14
0.521125 1.84144e-14
0.521233 1.95104e-14
0.521342 2.01256e-14
0.52145 2.07847e-14
0.521559 2.10634e-14
0.521668 2.17652e-14
0.521776 2.18742e-14
0.521885 2.17327e-14
0.521994 2.21862e-14
0.522102 2.13353e-14
0.522211 2.05859e-14
0.522319 2.03321e-14
0.522428 2.05428e-14
0.522537 2.16055e-14
0.522645 2.08399e-14
0.522754 2.04285e-14
0.522862 2.13389e-14
0.522971 2.10297e-14
0.52308 2.12512e-14
0.523188 2.14827e-14
0.523297 2.22174e-14
0.523405 2.24778e-14
0.523514 2.25311e-14
0.523623 2.25792e-14
0.523731 2.24097e-14
0.52384 2.31938e-14
0.523948 2.26459e-14
0.524057 2.28255e-14
0.524166 2.25101e-14
0.524274 2.19251e-14
0.524383 2.16352e-14
0.524491 2.20101e-14
0.5246 2.22993e-14
0.524708 2.2486e-14
0.524817 2.16179e-14
0.524926 2.14537e-14
0.525034 2.19713e-14
0.525143 2.19244e-14
0.525251 2.19938e-14
0.52536 2.24436e-14
0.525469 2.18883e-14
0.525577 2.20835e-14
0.525686 2.23845e-14
0.525794 2.13666e-14
0.525903 2.20747e-14
0.526011 2.16044e-14
0.52612 2.05382e-14
0.526228 2.0009e-14
0.526337 1.94706e-14
0.526446 1.94487e-14
0.526554 1.90512e-14
0.526663 1.87647e-14
0.526771 1.88179e-14
0.52688 2.01305e-14
0.526988 1.95533e-14
0.527097 2.02697e-14
0.527205 2.08517e-14
0.527314 2.11615e-14
0.527422 2.20084e-14
0.527531 2.27023e-14
0.527639 2.15067e-14
0.527748 2.24348e-14
0.527856 2.22589e-14
0.527965 2.23953e-14
0.528073 2.26658e-14
0.528182 2.29483e-14
0.52829 2.34147e-14
0.528399 2.31956e-14
0.528507 2.29222e-14
0.528616 2.36265e-14
0.528725 2.37638e-14
0.528833 2.3644e-14
0.528942 2.41912e-14
0.52905 2.39234e-14
0.529158 2.36543e-14
0.529267 2.26386e-14
0.529375 2.30177e-14
0.529484 2.23367e-14
0.529592 2.2414e-14
0.529701 2.18398e-14
0.529809 2.2242e-14
0.529918 2.21227e-14
0.530026 2.22044e-14
0.530135 2.2915e-14
0.530243 2.33062e-14
0.530352 2.36076e-14
0.53046 2.32611e-14
0.530569 2.38271e-14
0.530677 2.38396e-14
0.530786 2.40208e-14
0.530894 2.41648e-14
0.531003 2.39704e-14
0.531111 2.41161e-14
0.531219 2.40442e-14
0.531328 2.40985e-14
0.531436 2.41928e-14
0.531545 2.42682e-14
0.531653 2.47173e-14
0.531762 2.39442e-14
0.53187 2.34411e-14
0.531979 2.32972e-14
0.532087 2.36914e-14
0.532195 2.34187e-14
0.532304 2.22084e-14
0.532412 2.14633e-14
0.532521 2.1732e-14
0.532629 2.11362e-14
0.532738 2.09507e-14
0.532846 2.16288e-14
0.532954 2.14085e-14
0.533063 2.20342e-14
0.533171 2.32072e-14
0.53328 2.2905e-14
0.533388 2.33438e-14
0.533496 2.31195e-14
0.533605 2.30379e-14
0.533713 2.26362e-14
0.533822 2.27285e-14
0.53393 2.27086e-14
0.534039 2.27629e-14
0.534147 2.37353e-14
0.534255 2.2468e-14
0.534364 2.28763e-14
0.534472 2.28608e-14
0.53458 2.31787e-14
0.534689 2.3629e-14
0.534797 2.33808e-14
0.534906 2.33002e-14
0.535014 2.35376e-14
0.535122 2.47378e-14
0.535231 2.43348e-14
0.535339 2.43835e-14
0.535447 2.48566e-14
0.535556 2.57616e-14
0.535664 2.51547e-14
0.535773 2.50097e-14
0.535881 2.55466e-14
0.535989 2.50359e-14
0.536098 2.54791e-14
0.536206 2.50779e-14
0.536314 2.45613e-14
0.536423 2.40383e-14
0.536531 2.42238e-14
0.536639 2.43568e-14
0.536748 2.32978e-14
0.536856 2.24606e-14
0.536964 2.36755e-14
0.537073 2.35288e-14
0.537181 2.31987e-14
0.537289 2.32347e-14
0.537398 2.51485e-14
0.537506 2.51998e-14
0.537614 2.51414e-14
0.537723 2.5144e-14
0.537831 2.57355e-14
0.537939 2.49959e-14
0.538047 2.58488e-14
0.538156 2.54001e-14
0.538264 2.51297e-14
0.538372 2.5929e-14
0.538481 2.46543e-14
0.538589 2.49571e-14
0.538697 2.44311e-14
0.538806 2.54354e-14
0.538914 2.3893e-14
0.539022 2.46548e-14
0.53913 2.50699e-14
0.539239 2.36401e-14
0.539347 2.29001e-14
0.539455 2.35445e-14
0.539564 2.38508e-14
0.539672 2.36109e-14
0.53978 2.34382e-14
0.539888 2.41915e-14
0.539997 2.41029e-14
0.540105 2.41274e-14
0.540213 2.37368e-14
0.540321 2.3739e-14
0.54043 2.31192e-14
0.540538 2.31596e-14
0.540646 2.30764e-14
0.540754 2.26037e-14
0.540863 2.30057e-14
0.540971 2.45009e-14
0.541079 2.42021e-14
0.541187 2.50077e-14
0.541296 2.52862e-14
0.541404 2.56121e-14
0.541512 2.61284e-14
0.54162 2.62846e-14
0.541728 2.62081e-14
0.541837 2.6499e-14
0.541945 2.57932e-14
0.542053 2.61503e-14
0.542161 2.64156e-14
0.542269 2.50414e-14
0.542378 2.62693e-14
0.542486 2.52256e-14
0.542594 2.56138e-14
0.542702 2.49326e-14
0.54281 2.52439e-14
0.542919 2.49464e-14
0.543027 2.43769e-14
0.543135 2.39323e-14
0.543243 2.42007e-14
0.543351 2.41854e-14
0.54346 2.45735e-14
0.543568 2.56546e-14
0.543676 2.52617e-14
0.543784 2.62764e-14
0.543892 2.66549e-14
0.544 2.61988e-14
0.544109 2.70266e-14
0.544217 2.5058e-14
0.544325 2.47775e-14
0.544433 2.466e-14
0.544541 2.48222e-14
0.544649 2.50442e-14
0.544758 2.44665e-14
0.544866 2.46056e-14
0.544974 2.38011e-14
0.545082 2.48346e-14
0.54519 2.39189e-14
0.545298 2.34636e-14
0.545406 2.36013e-14
0.545514 2.29595e-14
0.545623 2.42163e-14
0.545731 2.48217e-14
0.545839 2.42113e-14
0.545947 2.36674e-14
0.546055 2.43294e-14
0.546163 2.48747e-14
0.546271 2.52057e-14
0.546379 2.52946e-14
0.546488 2.53695e-14
0.546596 2.52991e-14
0.546704 2.64017e-14
0.546812 2.45311e-14
0.54692 2.55141e-14
0.547028 2.49622e-14
0.547136 2.45356e-14
0.547244 2.47978e-14
0.547352 2.44456e-14
0.54746 2.41084e-14
0.547568 2.44358e-14
0.547676 2.44387e-14
0.547785 2.39649e-14
0.547893 2.4822e-14
0.548001 2.53727e-14
0.548109 2.50175e-14
0.548217 2.39008e-14
0.548325 2.42817e-14
0.548433 2.52402e-14
0.548541 2.56616e-14
0.548649 2.47651e-14
0.548757 2.58723e-14
0.548865 2.60078e-14
0.548973 2.57448e-14
0.549081 2.58874e-14
0.549189 2.54886e-14
0.549297 2.46715e-14
0.549405 2.5435e-14
0.549513 2.4314e-14
0.549621 2.48568e-14
0.549729 2.38967e-14
0.549837 2.43017e-14
0.549945 2.58345e-14
0.550053 2.3633e-14
0.550161 2.49623e-14
0.550269 2.47552e-14
0.550377 2.43518e-14
0.550485 2.50445e-14
0.550593 2.33132e-14
0.550701 2.53338e-14
0.550809 2.457e-14
0.550917 2.34259e-14
0.551025 2.29314e-14
0.551133 2.36606e-14
0.551241 2.33012e-14
0.551349 2.26566e-14
0.551457 2.33764e-14
0.551565 2.46857e-14
0.551673 2.48551e-14
0.551781 2.521e-14
0.551889 2.53519e-14
0.551997 2.51976e-14
0.552105 2.51783e-14
0.552213 2.58148e-14
0.552321 2.56606e-14
0.552429 2.52703e-14
0.552536 2.49013e-14
0.552644 2.4399e-14
0.552752 2.51834e-14
0.55286 2.50227e-14
0.552968 2.59049e-14
0.553076 2.57222e-14
0.553184 2.47223e-14
0.553292 2.59049e-14
0.5534 2.54324e-14
0.553508 2.49856e-14
0.553616 2.48105e-14
0.553724 2.62056e-14
0.553831 2.46303e-14
0.553939 2.64127e-14
0.554047 2.62819e-14
0.554155 2.40763e-14
0.554263 2.65776e-14
0.554371 2.44628e-14
0.554479 2.54767e-14
0.554587 2.55189e-14
0.554695 2.56422e-14
0.554802 2.58252e-14
0.55491 2.65678e-14
0.555018 2.69726e-14
0.555126 2.64509e-14
0.555234 2.59612e-14
0.555342 2.54969e-14
0.55545 2.5538e-14
0.555557 2.56879e-14
0.555665 2.61887e-14
0.555773 2.58697e-14
0.555881 2.64253e-14
0.555989 2.63293e-14
0.556097 2.50012e-14
0.556204 2.4517e-14
0.556312 2.38683e-14
0.55642 2.45296e-14
0.556528 2.37181e-14
0.556636 2.26073e-14
0.556744 2.50436e-14
0.556851 2.50817e-14
0.556959 2.45173e-14
0.557067 2.49353e-14
0.557175 2.39583e-14
0.557283 2.45752e-14
0.55739 2.73951e-14
0.557498 2.67508e-14
0.557606 2.66009e-14
0.557714 2.57188e-14
0.557821 2.69546e-14
0.557929 2.49199e-14
0.558037 2.64799e-14
0.558145 2.43055e-14
0.558253 2.54626e-14
0.55836 2.58043e-14
0.558468 2.41396e-14
0.558576 2.38294e-14
0.558684 2.58331e-14
0.558791 2.29137e-14
0.558899 2.45217e-14
0.559007 2.28575e-14
0.559115 2.39725e-14
0.559222 2.34505e-14
0.55933 2.42142e-14
0.559438 2.56435e-14
0.559546 2.65653e-14
0.559653 2.37713e-14
0.559761 2.46062e-14
0.559869 2.38991e-14
0.559976 2.36916e-14
0.560084 2.61242e-14
0.560192 2.36681e-14
0.560299 2.45051e-14
0.560407 2.53816e-14
0.560515 2.72639e-14
0.560623 2.56279e-14
0.56073 2.60033e-14
0.560838 2.69369e-14
0.560946 2.65391e-14
0.561053 2.65718e-14
0.561161 2.56481e-14
0.561269 2.454e-14
0.561376 2.59406e-14
0.561484 2.49893e-14
0.561592 2.62797e-14
0.561699 2.59631e-14
0.561807 2.50077e-14
0.561915 2.49283e-14
0.562022 2.46205e-14
0.56213 2.40168e-14
0.562238 2.55856e-14
0.562345 2.58234e-14
0.562453 2.41997e-14
0.56256 2.53639e-14
0.562668 2.43253e-14
0.562776 2.63965e-14
0.562883 2.61926e-14
0.562991 2.59512e-14
0.563099 2.68498e-14
0.563206 2.56839e-14
0.563314 2.55086e-14
0.563421 2.74824e-14
0.563529 2.44716e-14
0.563637 2.63674e-14
0.563744 2.5196e-14
0.563852 2.53555e-14
0.563959 2.51746e-14
0.564067 2.42364e-14
0.564174 2.57993e-14
0.564282 2.45512e-14
0.56439 2.50023e-14
0.564497 2.39136e-14
0.564605 2.52815e-14
0.564712 2.57332e-14
0.56482 2.46042e-14
0.564927 2.67686e-14
0.619334 3.12196e-14
0.619579 3.07807e-14
0.619823 2.63334e-14
0.620067 2.90476e-14
0.620312 3.24e-14
0.620556 4.56178e-14
0.620801 4.76268e-14
0.621045 3.03434e-14
0.62129 2.78239e-14
0.621534 2.90181e-14
0.621778 2.6427e-14
0.622023 2.58984e-14
0.622267 2.47791e-14
0.622512 2.73376e-14
0.622756 2.74347e-14
0.623001 3.03773e-14
0.623245 2.85154e-14
0.62349 2.56221e-14
0.623734 2.43932e-14
0.623979 2.9526e-14
0.624223 2.36402e-14
0.624468 2.46249e-14
0.624712 3.08421e-14
0.624957 3.0142e-14
0.625201 2.33395e-14
0.625446 2.84982e-14
0.62569 2.47371e-14
0.625935 2.98866e-14
0.626179 2.94232e-14
0.626424 2.82402e-14
0.626668 2.55342e-14
0.626913 2.68918e-14
0.627158 2.61649e-14
0.627402 2.66232e-14
0.627647 2.96322e-14
0.627891 2.81648e-14
0.628136 2.83892e-14
0.628381 3.03913e-14
0.628625 3.07075e-14
0.62887 2.91516e-14
0.629114 3.18406e-14
0.629359 3.34193e-14
0.629604 2.85535e-14
0.629848 2.77226e-14
0.630093 2.86532e-14
0.630338 2.94923e-14
0.630582 2.82229e-14
0.630827 2.77065e-14
0.631072 2.72096e-14
0.631316 3.14366e-14
0.631561 2.83476e-14
0.631806 3.03999e-14
0.63205 2.924e-14
0.632295 2.9689e-14
0.63254 2.91484e-14
0.632784 3.0685e-14
0.633029 3.38999e-14
0.633274 3.00739e-14
0.633519 3.14536e-14
0.633763 2.79036e-14
0.634008 2.71663e-14
0.634253 3.13491e-14
0.634497 3.22644e-14
0.634742 3.21662e-14
0.634987 3.15745e-14
0.635232 3.04908e-14
0.635477 2.79605e-14
0.635721 2.83741e-14
0.635966 2.69636e-14
0.636211 2.63027e-14
0.636456 2.64643e-14
0.6367 3.1658e-14
0.636945 2.83844e-14
0.63719 3.04478e-14
0.637435 3.00423e-14
0.63768 3.1043e-14
0.637925 2.81437e-14
0.638169 2.9763e-14
0.638414 3.10406e-14
0.638659 2.9323e-14
0.638904 3.00221e-14
0.639149 3.26721e-14
0.639394 3.19874e-14
0.639638 3.07062e-14
0.639883 3.07677e-14
0.640128 3.2379e-14
0.640373 3.32366e-14
0.640618 3.23669e-14
0.640863 2.95038e-14
0.641108 3.02359e-14
0.641353 3.13978e-14
0.641598 2.8544e-14
0.641843 3.6033e-14
0.642088 3.33222e-14
0.642332 3.49804e-14
0.642577 3.55181e-14
0.642822 3.81873e-14
0.643067 3.10486e-14
0.643312 3.39385e-14
0.643557 3.19448e-14
0.643802 3.22444e-14
0.644047 3.08029e-14
0.644292 3.15461e-14
0.644537 2.86816e-14
0.644782 3.31537e-14
0.645027 2.99256e-14
0.645272 3.02724e-14
0.645517 3.33144e-14
0.645762 3.28324e-14
0.646007 3.0351e-14
0.646252 3.04963e-14
0.646497 3.29354e-14
0.646742 3.3555e-14
0.646987 3.16534e-14
0.647232 3.01052e-14
0.647477 3.47009e-14
0.647722 3.49236e-14
0.647967 3.28277e-14
0.648212 3.38396e-14
0.648457 3.00922e-14
0.648702 3.24806e-14
0.648948 2.88836e-14
0.649193 3.03681e-14
0.649438 3.21977e-14
0.649683 3.12484e-14
0.649928 3.46044e-14
0.650173 3.19786e-14
0.650418 3.41347e-14
0.650663 3.67865e-14
0.650908 3.08795e-14
0.651153 3.0574e-14
0.651399 3.01836e-14
0.651644 3.09886e-14
0.651889 3.19108e-14
0.652134 3.32922e-14
0.652379 3.19205e-14
0.652624 3.11889e-14
0.652869 3.36774e-14
0.653115 3.47172e-14
0.65336 3.60625e-14
0.653605 3.35647e-14
0.65385 3.37519e-14
0.654095 3.5568e-14
0.654341 3.69798e-14
0.654586 3.71474e-14
0.654831 4.02834e-14
0.655076 4.84083e-14
0.655321 5.7616e-14
0.655567 6.56476e-14
0.655812 7.54834e-14
0.656057 7.58297e-14
0.656302 6.93314e-14
0.656548 6.10756e-14
0.656793 4.73423e-14
0.657038 3.79137e-14
0.657283 3.94695e-14
0.657529 3.31367e-14
0.657774 3.49922e-14
0.658019 3.53594e-14
0.658264 3.5797e-14
0.65851 3.60747e-14
0.658755 3.62741e-14
0.659 3.15413e-14
0.659246 3.2381e-14
0.659491 3.61216e-14
0.659736 3.25181e-14
0.659981 3.48477e-14
0.660227 3.48157e-14
0.660472 3.49833e-14
0.660717 3.64204e-14
0.660963 3.32356e-14
0.661208 3.26496e-14
0.661453 3.1905e-14
0.661699 3.23204e-14
0.661944 3.31237e-14
0.66219 2.89009e-14
0.662435 3.43318e-14
0.66268 3.10633e-14
0.662926 3.50561e-14
0.663171 3.37522e-14
0.663416 3.43388e-14
0.663662 3.22614e-14
0.663907 3.33778e-14
0.664153 3.44273e-14
0.664398 3.28945e-14
0.664643 3.19883e-14
0.664889 3.29381e-14
0.665134 3.30985e-14
0.66538 3.38976e-14
0.665625 3.4308e-14
0.665871 3.36569e-14
0.666116 3.36326e-14
0.666361 3.34064e-14
0.666607 3.61438e-14
0.666852 3.25334e-14
0.667098 3.51157e-14
0.667343 3.37362e-14
0.667589 3.00378e-14
0.667834 3.4574e-14
0.66808 3.09877e-14
0.668325 2.83927e-14
0.668571 3.1138e-14
0.668816 3.53943e-14
0.669062 2.80939e-14
0.669307 3.25918e-14
0.669553 3.06696e-14
0.669798 2.97383e-14
0.670044 3.31903e-14
0.670289 2.90365e-14
0.670535 3.35073e-14
0.67078 2.96604e-14
0.671026 3.166e-14
0.671271 3.17657e-14
0.671517 3.27105e-14
0.671762 3.21536e-14
0.672008 3.1378e-14
0.672253 3.45726e-14
0.672499 3.01407e-14
0.672745 3.06248e-14
0.67299 2.87179e-14
0.673236 3.0581e-14
0.673481 3.18711e-14
0.673727 3.10633e-14
0.673973 2.99603e-14
0.674218 3.18504e-14
0.674464 3.07965e-14
0.674709 2.83042e-14
0.674955 3.00373e-14
0.675201 3.07755e-14
0.675446 3.07439e-14
0.675692 2.93356e-14
0.675937 2.9908e-14
0.676183 3.37224e-14
0.676429 2.90021e-14
0.676674 3.39684e-14
0.67692 3.27966e-14
0.677166 3.25623e-14
0.677411 3.22999e-14
0.677657 3.09865e-14
0.677903 2.9288e-14
0.678148 3.09004e-14
0.678394 3.22261e-14
0.67864 2.83393e-14
0.678885 2.97207e-14
0.679131 2.9703e-14
0.679377 3.02173e-14
0.679623 2.96872e-14
0.679868 3.44254e-14
0.680114 3.40812e-14
0.68036 2.87429e-14
0.680605 3.03702e-14
0.680851 2.75085e-14
0.681097 3.02468e-14
0.681342 2.99837e-14
0.681588 3.1204e-14
0.681834 3.35614e-14
0.68208 2.88425e-14
0.682325 3.42373e-14
0.682571 3.11861e-14
0.682817 3.45412e-14
0.683063 3.37673e-14
0.683309 3.07829e-14
0.683554 2.82734e-14
0.6838 3.08381e-14
0.684046 2.98963e-14
0.684292 3.39034e-14
0.684537 3.1979e-14
0.684783 2.93979e-14
0.685029 2.77085e-14
0.685275 2.97896e-14
0.685521 3.04746e-14
0.685767 2.78732e-14
0.686012 3.42043e-14
0.686258 2.92183e-14
0.686504 2.77031e-14
0.68675 2.65287e-14
0.686996 2.80797e-14
0.687241 3.35906e-14
0.687487 2.93227e-14
0.687733 3.16834e-14
0.687979 3.16132e-14
0.688225 2.80084e-14
0.688471 2.80013e-14
0.688717 3.20032e-14
0.688962 2.81433e-14
0.689208 3.09139e-14
0.689454 3.26194e-14
0.6897 3.06854e-14
0.689946 3.29764e-14
0.690192 3.17166e-14
0.690438 2.97402e-14
0.690684 3.14475e-14
0.69093 3.12527e-14
0.691176 3.05499e-14
0.691421 2.99302e-14
0.691667 2.941e-14
0.691913 3.37583e-14
0.692159 3.15619e-14
0.692405 3.44399e-14
0.692651 3.22611e-14
0.692897 3.20534e-14
0.693143 3.55195e-14
0.693389 3.31488e-14
0.693635 3.43807e-14
0.693881 3.38139e-14
0.694127 3.46243e-14
0.694373 3.47334e-14
0.694619 3.57225e-14
0.694865 3.38402e-14
0.695111 3.44539e-14
0.695357 3.39809e-14
0.695603 3.67387e-14
0.695849 3.52007e-14
0.696095 3.75202e-14
0.696341 3.83525e-14
0.696587 3.55618e-14
0.696833 3.4675e-14
0.697079 3.55961e-14
0.697325 3.31946e-14
0.697571 3.35921e-14
0.697817 3.6018e-14
0.698063 3.39782e-14
0.698309 3.34739e-14
0.698555 3.54847e-14
0.698801 3.72412e-14
0.699047 3.59822e-14
0.699293 3.59899e-14
0.699539 3.36594e-14
0.699785 3.5755e-14
0.700031 3.75914e-14
0.700277 3.55435e-14
0.700523 3.75174e-14
0.700769 3.86987e-14
0.701015 3.73422e-14
0.701262 4.01222e-14
0.701508 3.5089e-14
0.701754 3.49278e-14
0.702 3.40598e-14
0.702246 3.98058e-14
0.702492 3.56538e-14
0.702738 3.7091e-14
0.702984 3.81457e-14
0.70323 3.7658e-14
0.703476 3.65387e-14
0.703723 3.85152e-14
0.703969 3.88595e-14
0.704215 3.4802e-14
0.704461 3.49634e-14
0.704707 3.61338e-14
0.704953 3.54234e-14
0.705199 3.4956e-14
0.705446 3.36274e-14
0.705692 3.56618e-14
0.705938 3.29707e-14
0.706184 3.33385e-14
0.70643 3.59608e-14
0.706676 3.5156e-14
0.706923 3.34089e-14
0.707169 3.41655e-14
0.707415 3.19806e-14
0.707661 3.67145e-14
0.707907 3.62264e-14
0.708153 3.60521e-14
0.7084 3.52303e-14
0.708646 3.38713e-14
0.708892 3.21184e-14
0.709138 3.14661e-14
0.709385 3.27254e-14
0.709631 3.37374e-14
0.709877 3.3205e-14
0.710123 3.36854e-14
0.710369 3.21611e-14
0.710616 3.46456e-14
0.710862 3.40555e-14
0.711108 3.25877e-14
0.711354 3.69575e-14
0.711601 3.44262e-14
0.711847 3.03791e-14
0.712093 3.29555e-14
0.712339 3.47485e-14
0.712586 3.46269e-14
0.712832 3.31114e-14
0.713078 3.23586e-14
0.713324 3.28725e-14
0.713571 3.40507e-14
0.713817 3.11785e-14
0.714063 2.86881e-14
0.71431 3.50604e-14
0.714556 3.18123e-14
0.714802 3.31046e-14
0.715049 3.33152e-14
0.715295 3.2438e-14
0.715541 3.22413e-14
0.715787 3.07562e-14
0.716034 3.17178e-14
0.71628 3.50203e-14
0.716526 3.20601e-14
0.716773 3.44996e-14
0.717019 3.18548e-14
0.717265 3.13845e-14
0.717512 3.02529e-14
0.717758 3.14105e-14
0.718004 3.42331e-14
0.718251 3.27657e-14
0.718497 3.31827e-14
0.718743 3.53045e-14
0.71899 3.17367e-14
0.719236 3.45337e-14
0.719482 3.22753e-14
0.719729 3.23343e-14
0.719975 2.95959e-14
0.720222 3.695e-14
0.720468 3.4606e-14
0.720714 2.95729e-14
0.720961 3.19579e-14
0.721207 3.27364e-14
0.721454 3.46063e-14
0.7217 3.45838e-14
0.721946 3.08911e-14
0.722193 3.61463e-14
0.722439 3.48441e-14
0.722686 3.6894e-14
0.722932 3.41987e-14
0.723178 3.70363e-14
0.723425 3.45507e-14
0.723671 3.524e-14
0.723918 3.62727e-14
0.724164 3.89988e-14
0.724411 3.71305e-14
0.724657 3.81273e-14
0.724903 3.61384e-14
0.72515 4.00576e-14
0.725396 3.55882e-14
0.725643 3.80084e-14
0.725889 3.76529e-14
0.726136 3.61775e-14
0.726382 3.75377e-14
0.726629 3.97734e-14
0.726875 3.86913e-14
0.727122 4.09749e-14
0.727368 3.56031e-14
0.727615 3.56809e-14
0.727861 3.63626e-14
0.728108 3.94861e-14
0.728354 3.65554e-14
0.728601 3.74609e-14
0.728847 3.46903e-14
0.729094 3.62379e-14
0.72934 3.95075e-14
0.729587 3.60169e-14
0.729833 3.94053e-14
0.73008 3.84392e-14
0.730326 3.69335e-14
0.730573 4.12594e-14
0.730819 3.99641e-14
0.731066 3.98e-14
0.731312 4.15401e-14
0.731559 3.94555e-14
0.731805 4.02929e-14
0.732052 3.88306e-14
0.732298 3.88666e-14
0.732545 4.03732e-14
0.732792 4.24414e-14
0.733038 3.99788e-14
0.733285 4.06992e-14
0.733531 3.69577e-14
0.733778 3.93295e-14
0.734024 3.73381e-14
0.734271 3.93965e-14
0.734517 3.77289e-14
0.734764 3.9095e-14
0.735011 3.86412e-14
0.735257 4.07709e-14
0.735504 3.90597e-14
0.73575 3.86313e-14
0.735997 4.25417e-14
0.736244 4.20294e-14
0.73649 4.12312e-14
0.736737 4.30195e-14
0.736983 4.10018e-14
0.73723 4.21086e-14
0.737477 4.14192e-14
0.737723 4.19065e-14
0.73797 4.28363e-14
0.738217 4.09421e-14
0.738463 4.21114e-14
0.73871 4.23794e-14
0.738956 3.94468e-14
0.739203 3.98414e-14
0.73945 3.97223e-14
0.739696 3.93692e-14
0.739943 4.31736e-14
0.74019 3.82104e-14
0.740436 3.93298e-14
0.740683 4.22104e-14
0.74093 4.06626e-14
0.741176 3.8604e-14
0.741423 4.14665e-14
0.74167 4.44132e-14
0.741916 4.20718e-14
0.742163 4.24138e-14
0.74241 4.08591e-14
0.742656 4.24331e-14
0.742903 4.46689e-14
0.74315 4.43091e-14
0.743396 4.29331e-14
0.743643 4.34675e-14
0.74389 4.19451e-14
0.744136 3.92491e-14
0.744383 4.03005e-14
0.74463 4.1341e-14
0.744876 4.22306e-14
0.745123 4.17156e-14
0.74537 4.43501e-14
0.745617 4.3217e-14
0.745863 4.37548e-14
0.74611 4.03153e-14
0.746357 4.79202e-14
0.746603 3.96452e-14
0.74685 4.44834e-14
0.747097 4.09789e-14
0.747344 4.59063e-14
0.74759 4.09026e-14
0.747837 4.3406e-14
0.748084 4.30705e-14
0.748331 4.38918e-14
0.748577 4.19458e-14
0.748824 4.2052e-14
0.749071 4.16669e-14
0.749318 4.23887e-14
0.749564 3.88344e-14
0.749811 4.55803e-14
0.750058 4.46043e-14
0.750305 4.70417e-14
0.750552 4.07779e-14
0.750798 4.31214e-14
0.751045 4.07191e-14
0.751292 4.13853e-14
0.751539 4.49618e-14
0.751785 4.10135e-14
0.752032 4.12213e-14
0.752279 4.13522e-14
0.752526 4.72685e-14
0.752773 4.31087e-14
0.753019 4.39252e-14
0.753266 4.37061e-14
0.753513 4.5241e-14
0.75376 4.42729e-14
0.754007 4.0898e-14
0.754253 4.162e-14
0.7545 4.56637e-14
0.754747 4.80906e-14
0.754994 4.35848e-14
0.755241 4.20387e-14
0.755488 4.20954e-14
0.755734 4.78781e-14
0.755981 4.24526e-14
0.756228 4.73402e-14
0.756475 4.40123e-14
0.756722 4.46889e-14
0.756969 4.30863e-14
0.757215 4.76157e-14
0.757462 4.47574e-14
0.757709 4.73341e-14
0.757956 4.47349e-14
0.758203 4.34454e-14
0.75845 4.12722e-14
0.758696 3.70591e-14
0.758943 3.78551e-14
0.75919 3.59113e-14
0.759437 3.62857e-14
0.759684 3.62796e-14
0.759931 2.8919e-14
0.760178 3.68374e-14
0.760425 4.83745e-14
0.760672 3.63825e-14
0.760918 4.14896e-14
0.761165 4.41373e-14
0.761412 4.17939e-14
0.761659 4.09114e-14
0.761906 3.66744e-14
0.762153 4.02859e-14
0.7624 3.34903e-14
0.762647 4.09519e-14
0.762894 3.5006e-14
0.763141 3.85704e-14
0.763387 4.16763e-14
0.763634 4.17055e-14
0.763881 4.01281e-14
0.764128 4.04346e-14
0.764375 3.85716e-14
0.764622 4.3916e-14
0.764869 3.85131e-14
0.765116 4.42178e-14
0.765363 3.89799e-14
0.76561 4.17153e-14
0.765857 3.9147e-14
0.766104 4.07506e-14
0.766351 4.1606e-14
0.766597 4.02481e-14
0.766844 3.65367e-14
0.767091 3.93036e-14
0.767338 3.75194e-14
0.767585 4.277e-14
0.767832 3.95633e-14
0.768079 3.90762e-14
0.768326 4.44428e-14
0.768573 3.37105e-14
0.76882 3.70913e-14
0.769067 3.97453e-14
0.769314 3.8346e-14
0.769561 3.60538e-14
0.769808 3.80429e-14
0.770055 3.58883e-14
0.770302 3.35152e-14
0.770549 3.67547e-14
0.770796 3.49756e-14
0.771043 3.84684e-14
0.77129 3.98756e-14
0.771537 4.08514e-14
0.771784 4.13994e-14
0.772031 4.129e-14
0.772278 3.74103e-14
0.772525 3.76059e-14
0.772772 4.4319e-14
0.773019 4.2422e-14
0.773266 3.88723e-14
0.773513 4.50642e-14
0.77376 3.91801e-14
0.774007 4.17891e-14
0.774254 3.90745e-14
0.774501 3.8918e-14
0.774748 3.68417e-14
0.774995 3.84284e-14
0.775242 3.9703e-14
0.775489 4.33994e-14
0.775736 3.71364e-14
0.775983 3.90004e-14
0.77623 3.82682e-14
0.776477 4.27428e-14
0.776724 3.95748e-14
0.776971 3.87514e-14
0.777218 3.78915e-14
0.777465 4.05017e-14
0.777712 4.19663e-14
0.777959 3.62376e-14
0.778206 4.08741e-14
0.778453 3.85793e-14
0.7787 3.93419e-14
0.778948 4.1841e-14
0.779195 4.00696e-14
0.779442 4.02376e-14
0.779689 3.7359e-14
0.779936 4.33378e-14
0.780183 4.10332e-14
0.78043 3.87612e-14
0.780677 4.29199e-14
0.780924 4.12567e-14
0.781171 4.12961e-14
0.781418 3.88254e-14
0.781665 4.07627e-14
0.781912 4.10209e-14
0.782159 4.25676e-14
0.782406 3.95711e-14
0.782654 3.5718e-14
0.782901 3.84789e-14
0.783148 3.80624e-14
0.783395 3.69749e-14
0.783642 4.22961e-14
0.783889 3.72458e-14
0.784136 4.31845e-14
0.784383 3.65905e-14
0.78463 4.2257e-14
0.784877 4.10136e-14
0.785125 3.9429e-14
0.785372 4.15091e-14
0.785619 4.42399e-14
0.785866 4.22875e-14
0.786113 4.35438e-14
0.78636 4.38641e-14
0.786607 4.50989e-14
0.786854 4.37031e-14
0.787101 4.05269e-14
0.787349 4.05038e-14
0.787596 4.25426e-14
0.787843 4.26444e-14
0.78809 4.24167e-14
0.788337 4.20142e-14
0.788584 4.25058e-14
0.788831 3.98279e-14
0.789079 4.35975e-14
0.789326 4.18549e-14
0.789573 4.026e-14
0.78982 4.26843e-14
0.790067 4.23893e-14
0.790314 4.08796e-14
0.790561 4.12535e-14
0.790809 3.96221e-14
0.791056 3.82317e-14
0.791303 4.18489e-14
0.79155 4.45548e-14
0.791797 3.91057e-14
0.792044 4.44978e-14
0.792291 4.13321e-14
0.792539 4.30718e-14
0.792786 4.37437e-14
0.793033 4.4934e-14
0.79328 4.52016e-14
0.793527 4.29615e-14
0.793774 4.09279e-14
0.794022 4.42067e-14
0.794269 4.41125e-14
0.794516 4.11092e-14
0.794763 4.17153e-14
0.79501 4.24815e-14
0.795258 4.43158e-14
0.795505 4.70812e-14
0.795752 4.43176e-14
0.795999 3.99306e-14
0.796246 4.11347e-14
0.796494 4.14819e-14
0.796741 3.98001e-14
0.796988 4.52494e-14
0.797235 4.32862e-14
0.797482 4.25518e-14
0.797729 4.35378e-14
0.797977 3.67129e-14
0.798224 4.22798e-14
0.798471 4.46632e-14
0.798718 4.93237e-14
0.798965 4.05403e-14
0.799213 4.50633e-14
0.79946 4.46871e-14
0.799707 4.32792e-14
0.799954 4.2191e-14
0.800202 4.48952e-14
0.800449 4.71675e-14
0.800696 4.26301e-14
0.800943 4.21179e-14
0.80119 4.17623e-14
0.801438 4.82431e-14
0.801685 4.69928e-14
0.801932 4.43261e-14
0.802179 4.1433e-14
0.802427 4.40285e-14
0.802674 4.80947e-14
0.802921 4.36272e-14
0.803168 4.14883e-14
0.803415 4.12735e-14
0.803663 4.47067e-14
0.80391 4.19688e-14
0.804157 4.78158e-14
0.804404 4.08968e-14
0.804652 4.75618e-14
0.804899 4.99401e-14
0.805146 4.86863e-14
0.805393 4.16525e-14
0.805641 4.59389e-14
0.805888 4.39116e-14
0.806135 4.2766e-14
0.806382 5.11902e-14
0.80663 4.58623e-14
0.806877 4.34841e-14
0.807124 4.79458e-14
0.807371 4.65206e-14
0.807619 4.34926e-14
0.807866 4.45439e-14
0.808113 4.33663e-14
0.80836 4.27527e-14
0.808608 4.79852e-14
0.808855 4.81606e-14
0.809102 4.16447e-14
0.80935 4.32718e-14
0.809597 4.59102e-14
0.809844 4.56491e-14
0.810091 4.4004e-14
0.810339 4.64712e-14
0.810586 4.38974e-14
0.810833 4.19072e-14
0.81108 4.68491e-14
0.811328 4.60576e-14
0.811575 5.1333e-14
0.811822 5.00506e-14
0.81207 4.97867e-14
0.812317 4.4178e-14
0.812564 4.43903e-14
0.812811 5.03212e-14
0.813059 4.55007e-14
0.813306 4.63759e-14
0.813553 4.90642e-14
0.813801 4.42749e-14
0.814048 4.48399e-14
0.814295 4.35185e-14
0.814542 4.57921e-14
0.81479 4.68909e-14
0.815037 4.4634e-14
0.815284 4.75798e-14
0.815532 4.72875e-14
0.815779 4.76603e-14
0.816026 4.59347e-14
0.816274 5.06861e-14
0.816521 5.1997e-14
0.816768 4.7936e-14
0.817016 5.05396e-14
0.817263 4.82242e-14
0.81751 4.5819e-14
0.817757 4.99983e-14
0.818005 4.8203e-14
0.818252 4.33302e-14
0.818499 3.86521e-14
0.818747 4.63071e-14
0.818994 4.21341e-14
0.819241 4.45784e-14
0.819489 4.07113e-14
0.819736 4.36208e-14
0.819983 4.50229e-14
0.820231 4.33676e-14
0.820478 4.34603e-14
0.820725 4.2e-14
0.820973 4.84968e-14
0.82122 4.71798e-14
0.821467 4.91812e-14
0.821715 4.50981e-14
0.821962 4.94238e-14
0.822209 4.70512e-14
0.822456 4.61156e-14
0.822704 4.72946e-14
0.822951 4.95863e-14
0.823199 4.66754e-14
0.823446 4.60621e-14
0.823693 4.35312e-14
0.823941 4.81484e-14
0.824188 4.64345e-14
0.824435 4.6438e-14
0.824683 4.6354e-14
0.82493 4.40823e-14
0.825177 4.79998e-14
0.825425 5.00562e-14
0.825672 4.84124e-14
0.825919 4.70934e-14
0.826167 4.97767e-14
0.826414 4.58205e-14
0.826661 4.88141e-14
0.826909 4.30712e-14
0.827156 5.18022e-14
0.827403 4.5689e-14
0.827651 4.53909e-14
0.827898 4.75391e-14
0.828145 4.54821e-14
0.828393 4.08508e-14
0.82864 4.8909e-14
0.828888 4.64984e-14
0.829135 4.53784e-14
0.829382 4.77321e-14
0.829629 4.9394e-14
0.829877 5.23748e-14
0.830124 5.85254e-14
0.830372 4.31886e-14
0.830619 4.32203e-14
0.830866 4.78766e-14
0.831114 4.87858e-14
0.831361 5.41442e-14
0.831608 4.55848e-14
0.831856 4.53564e-14
0.832103 4.74763e-14
0.83235 4.75313e-14
0.832598 4.59591e-14
0.832845 4.15406e-14
0.833093 4.49767e-14
0.83334 4.69439e-14
0.833587 5.04863e-14
0.833835 4.20193e-14
0.834082 4.75446e-14
0.834329 4.68056e-14
0.834577 4.11022e-14
0.834824 4.64009e-14
0.835072 4.16445e-14
0.835319 4.35006e-14
0.835566 4.21256e-14
0.835814 4.80123e-14
0.836061 4.37571e-14
0.836308 4.16273e-14
0.836556 4.49706e-14
0.836803 4.42917e-14
0.837051 4.51854e-14
0.837298 4.57389e-14
0.837545 4.21627e-14
0.837793 4.31739e-14
0.83804 4.51771e-14
0.838288 4.52118e-14
0.838535 4.75172e-14
0.838782 4.36687e-14
0.83903 4.11982e-14
0.839277 4.31264e-14
0.839524 4.66545e-14
0.839772 4.38432e-14
0.840019 4.31026e-14
0.840267 4.67094e-14
0.840514 5.30332e-14
0.840761 4.99318e-14
0.841009 4.21414e-14
0.841256 4.97168e-14
0.841504 4.37234e-14
0.841751 4.72541e-14
0.841998 3.97078e-14
0.842246 4.28947e-14
0.842493 3.88875e-14
0.842741 3.84113e-14
0.842988 4.27615e-14
0.843235 4.27481e-14
0.843483 4.70966e-14
0.84373 4.55238e-14
0.843977 4.23403e-14
0.844225 4.55292e-14
0.844472 4.51657e-14
0.84472 4.08513e-14
0.844967 4.68324e-14
0.845215 4.17355e-14
0.845462 3.88644e-14
0.845709 4.27171e-14
0.845957 4.27969e-14
0.846204 3.93948e-14
0.846452 4.70031e-14
0.846699 3.88672e-14
0.846946 4.12665e-14
0.847194 4.71834e-14
0.847441 4.8371e-14
0.847688 4.15463e-14
0.847936 4.42337e-14
0.848183 3.92715e-14
0.848431 4.64688e-14
0.848678 4.22531e-14
0.848926 4.49873e-14
0.849173 4.70341e-14
0.84942 4.18214e-14
0.849668 4.18164e-14
0.849915 4.53993e-14
0.850162 4.54035e-14
0.85041 4.73557e-14
0.850657 4.27139e-14
0.850905 3.87912e-14
0.851152 4.33558e-14
0.8514 4.33336e-14
0.851647 4.04482e-14
0.851894 3.88469e-14
0.852142 4.78281e-14
0.852389 4.06761e-14
0.852637 4.19991e-14
0.852884 4.75014e-14
0.853132 4.34565e-14
0.853379 4.76749e-14
0.853626 4.37992e-14
0.853874 4.59596e-14
0.854121 4.68198e-14
0.854369 4.33535e-14
0.854616 4.52124e-14
0.854863 4.47468e-14
0.855111 5.19947e-14
0.855358 4.18002e-14
0.855606 4.87592e-14
0.855853 4.83475e-14
0.8561 4.1864e-14
0.856348 4.21241e-14
0.856595 3.52681e-14
0.856843 4.22049e-14
0.85709 4.717e-14
0.857338 4.41813e-14
0.857585 5.08084e-14
0.857832 4.50451e-14
0.85808 4.26707e-14
0.858327 4.93572e-14
0.858575 4.4162e-14
0.858822 4.1107e-14
0.859069 4.58007e-14
0.859317 4.20927e-14
0.859564 4.41263e-14
0.859812 4.53602e-14
0.860059 4.99998e-14
0.860306 4.50978e-14
0.860554 4.41824e-14
0.860801 4.43994e-14
0.861049 3.93911e-14
0.861296 6.10062e-14
0.861544 2.66733e-13
0.861791 6.85593e-14
0.862038 7.31329e-14
0.862286 4.68202e-14
0.862533 4.07223e-14
0.86278 4.12749e-14
0.863028 4.19846e-14
0.863275 4.83201e-14
0.863523 5.02368e-14
0.86377 4.31227e-14
0.864018 4.59353e-14
0.864265 4.4086e-14
0.864512 4.41254e-14
0.86476 4.26001e-14
0.865007 3.84818e-14
0.865255 4.16973e-14
0.865502 4.22655e-14
0.86575 3.58653e-14
0.865997 3.69693e-14
0.866244 3.83332e-14
0.866492 3.94058e-14
0.866739 4.00178e-14
0.866987 3.46813e-14
0.867234 4.41924e-14
0.867481 4.08213e-14
0.867729 4.16298e-14
0.867976 4.04654e-14
0.868224 4.77536e-14
0.868471 4.41266e-14
0.868719 4.50704e-14
0.868966 4.40319e-14
0.869213 4.26605e-14
0.869461 4.30503e-14
0.869708 5.00202e-14
0.869956 4.73041e-14
0.870203 4.60768e-14
0.87045 4.58212e-14
0.870698 5.00205e-14
