# %ECSV 0.9
# ---
# datatype:
# - {name: wavelength, unit: micron, datatype: float32}
# - {name: flux, unit: erg / (Angstrom cm2 s), datatype: float32}
# meta: !!omap
# - __serialized_columns__:
#     flux:
#       __class__: astropy.units.quantity.Quantity
#       value: !astropy.table.SerializedColumn {name: flux}
#     wavelength:
#       __class__: astropy.units.quantity.Quantity
#       value: !astropy.table.SerializedColumn {name: wavelength}
# schema: astropy-2.0
wavelength flux
0.330106 5.8223954e-16
0.330344 7.1148216e-16
0.330582 6.145951e-16
0.33082 6.278874e-16
0.331058 4.098563e-16
0.331296 6.1287466e-16
0.331534 1.286325e-15
0.331772 8.213408e-16
0.33201 8.930462e-16
0.332248 6.125577e-16
0.332486 1.1733414e-15
0.332724 9.017447e-16
0.332962 9.526191e-16
0.3332 9.50649e-16
0.333438 5.2344344e-16
0.333676 9.734768e-16
0.333914 8.291003e-16
0.334152 9.294789e-16
0.33439 1.3950805e-15
0.334628 1.362968e-15
0.334866 9.345168e-16
0.335104 1.0999392e-15
0.335342 1.2965967e-15
0.33558 6.9640164e-16
0.335818 9.780966e-16
0.336056 7.534839e-16
0.336294 6.3044514e-16
0.336532 2.393433e-16
0.33677 6.918025e-16
0.337008 7.858476e-16
0.337246 1.6864646e-15
0.337484 1.162535e-15
0.337722 9.876604e-16
0.33796 1.1120732e-15
0.338198 8.3653053e-16
0.338436 8.743832e-16
0.338674 9.27689e-16
0.338912 1.1126802e-15
0.33915 1.2096415e-15
0.339388 1.469202e-15
0.339626 9.24897e-16
0.339864 8.7275935e-16
0.340102 5.8054526e-16
0.34034 1.0763132e-15
0.340578 1.111243e-15
0.340816 1.294161e-15
0.341054 1.2956915e-15
0.341292 9.504047e-16
0.34153 6.4115926e-16
0.341768 5.78135e-16
0.342006 2.663045e-16
0.342244 5.6704997e-16
0.342482 9.290504e-16
0.34272 1.6002449e-15
0.342958 1.3183696e-15
0.343196 1.0804521e-15
0.343434 9.253185e-16
0.343672 1.1223018e-15
0.34391 7.12033e-16
0.344148 7.2605197e-16
0.344386 9.450198e-16
0.344624 1.0635618e-15
0.344862 7.6566484e-16
0.3451 1.0347267e-15
0.345338 1.2697932e-15
0.345576 1.2131811e-15
0.345814 9.615068e-16
0.346052 9.027778e-16
0.34629 1.2621497e-15
0.346528 1.0459524e-15
0.346766 6.2763135e-16
0.347004 7.7027747e-16
0.347242 1.0941642e-15
0.34748 1.1137132e-15
0.347718 1.0851133e-15
0.347956 9.152467e-16
0.348194 1.1288039e-15
0.348432 1.0784401e-15
0.34867 7.6734144e-16
0.348908 1.153593e-15
0.349146 1.152123e-15
0.349384 9.5034e-16
0.349622 1.0029538e-15
0.34986 1.0153777e-15
0.350098 9.295277e-16
0.350336 7.174921e-16
0.350574 9.937339e-16
0.350812 8.1646284e-16
0.35105 6.2712287e-16
0.351288 7.063433e-16
0.351526 7.1895807e-16
0.351764 8.7290096e-16
0.352002 1.2157956e-15
0.35224 1.1171056e-15
0.352478 1.0641756e-15
0.352716 8.882403e-16
0.352954 1.098358e-15
0.353192 1.5699227e-15
0.35343 1.1009537e-15
0.353668 9.119989e-16
0.353906 1.3846201e-15
0.354144 1.1514459e-15
0.354382 1.0235655e-15
0.35462 8.379314e-16
0.354858 9.251653e-16
0.355096 1.3569266e-15
0.355334 1.1956145e-15
0.355572 7.920789e-16
0.35581 7.468517e-16
0.356048 8.678647e-16
0.356286 1.2925861e-15
0.356524 1.171687e-15
0.356762 9.688754e-16
0.357 8.4226616e-16
0.357238 8.7229676e-16
0.357476 9.055139e-16
0.357714 9.700231e-16
0.357952 1.0834005e-15
0.35819 9.044812e-16
0.358428 8.985899e-16
0.358666 1.1382598e-15
0.358904 9.843006e-16
0.359142 6.682102e-16
0.35938 7.064052e-16
0.359618 9.651056e-16
0.359856 8.493813e-16
0.360094 7.6047486e-16
0.360332 8.7188103e-16
0.36057 9.317501e-16
0.360808 9.701866e-16
0.361046 1.1161778e-15
0.361284 1.2584955e-15
0.361522 1.2306831e-15
0.36176 1.0041697e-15
0.361998 8.3303546e-16
0.362236 1.1323351e-15
0.362474 1.0906567e-15
0.362712 1.1243867e-15
0.36295 1.1338023e-15
0.363188 1.0898124e-15
0.363426 1.0341645e-15
0.363664 8.930585e-16
0.363902 1.0441268e-15
0.36414 1.2344749e-15
0.364378 1.0402996e-15
0.364616 1.1397311e-15
0.364854 1.3933155e-15
0.365092 1.3097053e-15
0.36533 1.3003369e-15
0.365568 1.2093945e-15
0.365806 1.1111306e-15
0.366044 1.0982512e-15
0.366282 1.1016244e-15
0.36652 1.1012371e-15
0.366758 1.127665e-15
0.366996 1.0533122e-15
0.367234 1.1402923e-15
0.367472 1.2093408e-15
0.36771 1.2065994e-15
0.367948 1.2544106e-15
0.368186 1.1724489e-15
0.368424 1.1867349e-15
0.368662 1.163598e-15
0.3689 1.2222679e-15
0.369138 1.3203672e-15
0.369376 1.3176959e-15
0.369614 1.2945746e-15
0.369852 1.5438052e-15
0.37009 1.3449364e-15
0.370328 1.0698174e-15
0.370566 1.3088245e-15
0.370804 1.3737566e-15
0.371042 1.2138402e-15
0.37128 1.1143525e-15
0.371518 1.0580524e-15
0.371756 1.2085268e-15
0.371994 1.4307983e-15
0.372232 1.3405481e-15
0.37247 1.2810839e-15
0.372708 1.2982685e-15
0.372946 1.3648281e-15
0.373184 1.253229e-15
0.373422 1.2836588e-15
0.37366 1.2167104e-15
0.373898 1.0300758e-15
0.374136 1.0357814e-15
0.374374 1.18816e-15
0.374612 1.3054765e-15
0.37485 1.2846869e-15
0.375088 1.2571152e-15
0.375326 1.3212599e-15
0.375564 1.1951566e-15
0.375802 9.160567e-16
0.37604 8.184406e-16
0.376278 1.0397471e-15
0.376516 1.4285477e-15
0.376754 1.6889837e-15
0.376992 1.4906504e-15
0.37723 1.2260501e-15
0.377468 1.1576566e-15
0.377706 1.030762e-15
0.377944 9.956438e-16
0.378182 1.0616286e-15
0.37842 1.0409239e-15
0.378658 9.959673e-16
0.378896 1.1332105e-15
0.379134 1.4440708e-15
0.379372 1.7039325e-15
0.37961 1.7837605e-15
0.379848 1.388354e-15
0.380086 1.1417545e-15
0.380324 1.1414836e-15
0.380562 1.0925546e-15
0.3808 1.105665e-15
0.381038 1.1108064e-15
0.381276 8.6236017e-16
0.381514 9.634348e-16
0.381752 1.1375161e-15
0.38199 1.0532183e-15
0.382228 1.0455566e-15
0.382466 1.0751445e-15
0.382704 1.1915936e-15
0.382942 1.6658165e-15
0.38318 2.0376864e-15
0.383418 2.058208e-15
0.383656 1.6916442e-15
0.383894 1.2370758e-15
0.384132 1.2352563e-15
0.38437 1.1343205e-15
0.384608 1.1072248e-15
0.384846 1.0413298e-15
0.385084 9.950956e-16
0.385322 8.4477883e-16
0.38556 9.5696e-16
0.385798 7.555231e-16
0.386036 8.852858e-16
0.386274 8.667123e-16
0.386512 9.913282e-16
0.38675 9.366911e-16
0.386988 9.966137e-16
0.387226 1.0359376e-15
0.387464 9.563349e-16
0.387702 9.863405e-16
0.38794 1.1189676e-15
0.388178 1.4701305e-15
0.388416 2.0480018e-15
0.388654 2.3081159e-15
0.388892 1.9398077e-15
0.38913 1.5699986e-15
0.389368 1.2842429e-15
0.389606 1.1576775e-15
0.389844 1.1128469e-15
0.390082 1.1048642e-15
0.39032 1.0910009e-15
0.390558 1.0486146e-15
0.390796 1.0445044e-15
0.391034 1.0361236e-15
0.391272 9.172651e-16
0.39151 8.941123e-16
0.391748 9.480122e-16
0.391986 1.0993521e-15
0.392224 1.1181302e-15
0.392462 1.0905472e-15
0.3927 9.33808e-16
0.392938 1.5134447e-15
0.393176 1.9809596e-15
0.393414 1.5914353e-15
0.393652 1.1459546e-15
0.39389 1.0177462e-15
0.394128 1.1020708e-15
0.394366 1.1107424e-15
0.394604 1.0261412e-15
0.394842 1.0114511e-15
0.39508 9.841794e-16
0.395318 1.1609886e-15
0.395556 1.0884135e-15
0.395794 1.1064503e-15
0.396032 1.1535276e-15
0.39627 1.618951e-15
0.396508 2.564762e-15
0.396746 3.1417735e-15
0.396984 2.4512951e-15
0.397222 1.448195e-15
0.39746 1.2718114e-15
0.397698 9.861671e-16
0.397936 1.0387456e-15
0.398174 1.060981e-15
0.398412 1.0364812e-15
0.39865 1.1661272e-15
0.398888 1.2766036e-15
0.399126 1.2965133e-15
0.399364 1.3023454e-15
0.399602 1.3225297e-15
0.39984 1.2388179e-15
0.400078 1.1745417e-15
0.400316 1.0745423e-15
0.400554 1.0577515e-15
0.400792 9.517135e-16
0.40103 9.533957e-16
0.401268 9.886382e-16
0.401506 1.0651682e-15
0.401744 1.1528476e-15
0.401982 1.133183e-15
0.40222 1.1520133e-15
0.402458 1.2108805e-15
0.402696 1.1548251e-15
0.402934 1.1058984e-15
0.403172 1.2405e-15
0.40341 1.2206976e-15
0.403648 1.1509285e-15
0.403886 1.0819154e-15
0.404124 1.2263614e-15
0.404362 1.0349383e-15
0.4046 1.043673e-15
0.404838 1.1555971e-15
0.405076 1.332723e-15
0.405314 1.1273186e-15
0.405552 1.1718009e-15
0.40579 1.1432903e-15
0.406028 1.0818581e-15
0.406266 1.3651325e-15
0.406504 1.5340572e-15
0.406742 1.7501641e-15
0.40698 1.5442167e-15
0.407218 1.3479598e-15
0.407456 1.3789205e-15
0.407694 1.3053081e-15
0.407932 1.2940603e-15
0.40817 1.3825852e-15
0.408408 1.3556373e-15
0.408646 1.350514e-15
0.408884 1.4142305e-15
0.409122 1.6190102e-15
0.40936 1.7628851e-15
0.409598 2.3609898e-15
0.409836 2.9897004e-15
0.410074 3.009527e-15
0.410312 2.347528e-15
0.41055 1.8225968e-15
0.410788 1.4712184e-15
0.411026 1.3709991e-15
0.411264 1.4229765e-15
0.411502 1.4193892e-15
0.41174 1.5456625e-15
0.411978 1.3207725e-15
0.412216 1.2077363e-15
0.412454 1.3787404e-15
0.412692 1.3631273e-15
0.41293 1.2096672e-15
0.413168 1.291758e-15
0.413406 1.2970098e-15
0.413644 1.223718e-15
0.413882 1.2502893e-15
0.41412 1.2001143e-15
0.414358 1.1100946e-15
0.414596 1.1981643e-15
0.414834 1.2840005e-15
0.415072 1.2107832e-15
0.41531 1.2095331e-15
0.415548 1.2042832e-15
0.415786 1.2921538e-15
0.416024 1.3942057e-15
0.416262 1.3656863e-15
0.4165 1.2651943e-15
0.416738 1.3004136e-15
0.416976 1.4583766e-15
0.417214 1.2008444e-15
0.417452 1.2793387e-15
0.41769 1.2616654e-15
0.417928 1.3369677e-15
0.418166 1.4949272e-15
0.418404 1.40497e-15
0.418642 1.487726e-15
0.41888 1.418384e-15
0.419118 1.4422363e-15
0.419356 1.4391457e-15
0.419594 1.2883213e-15
0.419832 1.258816e-15
0.42007 1.3368534e-15
0.420308 1.3701108e-15
0.420546 1.405699e-15
0.420784 1.4556425e-15
0.421022 1.4463542e-15
0.42126 1.3866106e-15
0.421498 1.2655706e-15
0.421736 1.3667388e-15
0.421974 1.2806912e-15
0.422212 1.2080315e-15
0.42245 9.934984e-16
0.422688 1.1031334e-15
0.422926 1.2518912e-15
0.423164 1.4107692e-15
0.423402 1.3022886e-15
0.42364 1.3222571e-15
0.423878 1.3275842e-15
0.424116 1.5642952e-15
0.424354 1.3696931e-15
0.424592 1.4155561e-15
0.42483 1.378076e-15
0.425068 1.3434198e-15
0.425306 1.2643158e-15
0.425544 1.2982793e-15
0.425782 1.3149707e-15
0.42602 1.3580126e-15
0.426258 1.4359539e-15
0.426496 1.4386988e-15
0.426734 1.3726147e-15
0.426972 1.2565714e-15
0.42721 1.2507039e-15
0.427448 1.3418493e-15
0.427686 1.4991709e-15
0.427924 1.5561597e-15
0.428162 1.4774885e-15
0.4284 1.3946926e-15
0.428638 1.3180228e-15
0.428876 1.3202969e-15
0.429114 1.2773491e-15
0.429352 1.3472506e-15
0.42959 1.3927338e-15
0.429828 1.3111132e-15
0.430066 1.2955252e-15
0.430304 1.4055053e-15
0.430542 1.4013913e-15
0.43078 1.4659679e-15
0.431018 1.4591168e-15
0.431256 1.4249342e-15
0.431494 1.5692474e-15
0.431732 1.6234679e-15
0.43197 1.5679537e-15
0.432208 1.5258328e-15
0.432446 1.4902692e-15
0.432684 1.6078682e-15
0.432922 1.8325782e-15
0.43316 2.1294813e-15
0.433398 2.5237628e-15
0.433636 3.2201417e-15
0.433874 3.703557e-15
0.434112 3.0565806e-15
0.43435 2.3438081e-15
0.434588 2.073512e-15
0.434826 1.9127023e-15
0.435064 1.7567457e-15
0.435302 1.783409e-15
0.43554 1.7820677e-15
0.435778 1.8037277e-15
0.436016 1.8175057e-15
0.436254 1.7384009e-15
0.436492 1.7664449e-15
0.43673 1.7817912e-15
0.436968 1.6498763e-15
0.437206 1.5004821e-15
0.437444 1.5176396e-15
0.437682 1.5841032e-15
0.43792 1.4638842e-15
0.438158 1.4049529e-15
0.438396 1.5216584e-15
0.438634 1.6733983e-15
0.438872 1.7091148e-15
0.43911 1.6855721e-15
0.439348 1.6328303e-15
0.439586 1.7292487e-15
0.439824 1.7551143e-15
0.440062 1.6108108e-15
0.4403 1.5730297e-15
0.440538 1.5209478e-15
0.440776 1.62025e-15
0.441014 1.7240376e-15
0.441252 1.769377e-15
0.44149 1.8494007e-15
0.441728 1.8139223e-15
0.441966 1.8274634e-15
0.442204 1.8383793e-15
0.442442 1.8012564e-15
0.44268 1.7467581e-15
0.442918 1.6738395e-15
0.443156 1.6969992e-15
0.443394 1.7206852e-15
0.443632 1.8528846e-15
0.44387 1.9025971e-15
0.444108 1.8643828e-15
0.444346 1.832381e-15
0.444584 1.8298116e-15
0.444822 1.721218e-15
0.44506 1.6331119e-15
0.445298 1.574609e-15
0.445536 1.6531429e-15
0.445774 1.7798892e-15
0.446012 1.7426077e-15
0.44625 1.916781e-15
0.446488 2.0330152e-15
0.446726 2.1413887e-15
0.446964 2.1943255e-15
0.447202 2.1471423e-15
0.44744 2.0116706e-15
0.447678 1.8003867e-15
0.447916 1.844305e-15
0.448154 2.0011604e-15
0.448392 2.1080458e-15
0.44863 2.0801857e-15
0.448868 1.9735633e-15
0.449106 1.9403702e-15
0.449344 1.9991991e-15
0.449582 2.0406188e-15
0.44982 2.1403942e-15
0.450058 2.115062e-15
0.450296 2.0732734e-15
0.450534 2.1458123e-15
0.450772 2.098677e-15
0.45101 2.0907162e-15
0.451248 2.0854976e-15
0.451486 2.0698815e-15
0.451724 2.0875502e-15
0.451962 2.1088185e-15
0.4522 1.9834899e-15
0.452438 1.8941349e-15
0.452676 1.8310366e-15
0.452914 1.8487525e-15
0.453152 1.8902876e-15
0.45339 1.947313e-15
0.453628 2.0479707e-15
0.453866 2.1745341e-15
0.454104 2.1182731e-15
0.454342 2.1191767e-15
0.45458 2.192789e-15
0.454818 2.1402087e-15
0.455056 2.132929e-15
0.455294 2.1021617e-15
0.455532 2.1295982e-15
0.45577 2.1712557e-15
0.456008 2.3075295e-15
0.456246 2.2750358e-15
0.456484 2.250214e-15
0.456722 2.3670554e-15
0.45696 2.427307e-15
0.457198 2.4821365e-15
0.457436 2.3295642e-15
0.457674 2.2511326e-15
0.457912 2.2647937e-15
0.45815 2.3172753e-15
0.458388 2.2915623e-15
0.458626 2.2623325e-15
0.458864 2.1991415e-15
0.459102 2.2403405e-15
0.45934 2.2106647e-15
0.459578 2.1909286e-15
0.459816 2.2929252e-15
0.460054 2.275684e-15
0.460292 2.3189763e-15
0.46053 2.3811818e-15
0.460768 2.3015486e-15
0.461006 2.3944239e-15
0.461244 2.4383554e-15
0.461482 2.3611319e-15
0.46172 2.5231341e-15
0.461958 2.4034947e-15
0.462196 2.2686208e-15
0.462434 2.4109103e-15
0.462672 2.3968201e-15
0.46291 2.4057858e-15
0.463148 2.253566e-15
0.463386 2.1673898e-15
0.463624 2.2651548e-15
0.463862 2.2402842e-15
0.4641 2.3704494e-15
0.464338 2.256526e-15
0.464576 1.9847011e-15
0.464814 2.1453657e-15
0.465052 2.186945e-15
0.46529 2.3686266e-15
0.465528 2.3171507e-15
0.465766 2.314078e-15
0.466004 2.5254588e-15
0.466242 2.3376176e-15
0.46648 2.300959e-15
0.466718 2.162891e-15
0.466956 2.19499e-15
0.467194 2.3919732e-15
0.467432 2.3817082e-15
0.46767 2.3012238e-15
0.467908 2.2953549e-15
0.468146 2.3790451e-15
0.468384 2.4955882e-15
0.468622 2.5660317e-15
0.46886 2.4505305e-15
0.469098 2.3977063e-15
0.469336 2.3831969e-15
0.469574 2.4121919e-15
0.469812 2.2738428e-15
0.47005 2.2916747e-15
0.470288 2.3247573e-15
0.470526 2.2520986e-15
0.470764 2.251256e-15
0.471002 2.453276e-15
0.47124 2.391507e-15
0.471478 2.5029866e-15
0.471716 2.4891787e-15
0.471954 2.47792e-15
0.472192 2.433586e-15
0.47243 2.3503352e-15
0.472668 2.3541055e-15
0.472906 2.2929273e-15
0.473144 2.3146554e-15
0.473382 2.297064e-15
0.47362 2.3086677e-15
0.473858 2.3514215e-15
0.474096 2.4548586e-15
0.474334 2.366441e-15
0.474572 2.329593e-15
0.47481 2.2756895e-15
0.475048 2.409903e-15
0.475286 2.4535286e-15
0.475524 2.4245143e-15
0.475762 2.3611566e-15
0.476 2.2466302e-15
0.476238 2.2364376e-15
0.476476 2.2007803e-15
0.476714 2.1733478e-15
0.476952 2.193836e-15
0.47719 2.120222e-15
0.477428 2.226946e-15
0.477666 2.2524988e-15
0.477904 2.1543487e-15
0.478142 2.1768726e-15
0.47838 2.2709546e-15
0.478618 2.2759741e-15
0.478856 2.2738483e-15
0.479094 2.3420688e-15
0.479332 2.421231e-15
0.47957 2.3245307e-15
0.479808 2.3460263e-15
0.480046 2.425093e-15
0.480284 2.5069333e-15
0.480522 2.5840462e-15
0.48076 2.4312704e-15
0.480998 2.3743763e-15
0.481236 2.5310916e-15
0.481474 2.5576543e-15
0.481712 2.5931533e-15
0.48195 2.5665304e-15
0.482188 2.4357773e-15
0.482426 2.3279102e-15
0.482664 2.2554056e-15
0.482902 2.3205336e-15
0.48314 2.3572273e-15
0.483378 2.4254899e-15
0.483616 2.5249502e-15
0.483854 2.6385146e-15
0.484092 2.612845e-15
0.48433 2.5846478e-15
0.484568 2.7412525e-15
0.484806 2.707973e-15
0.485044 2.850464e-15
0.485282 3.4806174e-15
0.48552 4.703964e-15
0.485758 6.059635e-15
0.485996 6.3830798e-15
0.486234 5.0196507e-15
0.486472 3.6153645e-15
0.48671 3.0033584e-15
0.486948 2.8369918e-15
0.487186 2.6951754e-15
0.487424 2.5344333e-15
0.487662 2.6584243e-15
0.4879 2.777698e-15
0.488138 2.7594506e-15
0.488376 2.722319e-15
0.488614 2.6857234e-15
0.488852 2.5550128e-15
0.48909 2.719119e-15
0.489328 2.859862e-15
0.489566 2.6934303e-15
0.489804 2.6843643e-15
0.490042 2.800487e-15
0.49028 3.0392842e-15
0.490518 2.9848715e-15
0.490756 2.8097307e-15
0.490994 2.787882e-15
0.491232 2.8085306e-15
0.49147 2.8547454e-15
0.491708 2.7197156e-15
0.491946 2.674025e-15
0.492184 2.8873325e-15
0.492422 2.9251216e-15
0.49266 2.9290304e-15
0.492898 2.9393475e-15
0.493136 2.7927703e-15
0.493374 2.7784531e-15
0.493612 2.6859165e-15
0.49385 2.7208047e-15
0.494088 2.8101404e-15
0.494326 3.004141e-15
0.494564 2.959334e-15
0.494802 3.0713758e-15
0.49504 2.9715366e-15
0.495278 2.7769084e-15
0.495516 2.710346e-15
0.495754 2.6870625e-15
0.495992 2.7091334e-15
0.49623 2.7613988e-15
0.496468 2.9861158e-15
0.496706 2.8114616e-15
0.496944 2.9710307e-15
0.497182 3.090974e-15
0.49742 2.8175496e-15
0.497658 2.664244e-15
0.497896 2.6056383e-15
0.498134 2.709307e-15
0.498372 2.671427e-15
0.49861 2.6413047e-15
0.498848 2.8346987e-15
0.499086 2.7269618e-15
0.499324 2.6671261e-15
0.499562 2.7599882e-15
0.4998 2.8041818e-15
0.500038 2.5769595e-15
0.500276 2.8391778e-15
0.500514 2.839985e-15
0.500752 2.8495592e-15
0.50099 2.6598389e-15
0.501228 2.8936278e-15
0.501466 2.9932145e-15
0.501704 2.9853644e-15
0.501942 2.7146711e-15
0.50218 2.648463e-15
0.502418 2.85893e-15
0.502656 2.667497e-15
0.502894 2.6077533e-15
0.503132 2.8078054e-15
0.50337 2.8070528e-15
0.503608 2.6703448e-15
0.503846 2.5099998e-15
0.504084 2.7352136e-15
0.504322 2.8711442e-15
0.50456 3.0400688e-15
0.504798 2.7392182e-15
0.505036 2.5547005e-15
0.505274 2.5941676e-15
0.505512 2.7222038e-15
0.50575 2.640721e-15
0.505988 2.6624628e-15
0.506226 2.6494824e-15
0.506464 2.4159296e-15
0.506702 2.4532001e-15
0.50694 2.5037557e-15
0.507178 2.5120117e-15
0.507416 2.4613164e-15
0.507654 2.5791857e-15
0.507892 2.5741323e-15
0.50813 2.534747e-15
0.508368 2.5643594e-15
0.508606 2.6116872e-15
0.508844 2.5894072e-15
0.509082 2.5528394e-15
0.50932 2.5351059e-15
0.509558 2.5822913e-15
0.509796 2.653628e-15
0.510034 2.6864154e-15
0.510272 2.6302052e-15
0.51051 2.7020023e-15
0.510748 2.7122435e-15
0.510986 2.6505512e-15
0.511224 2.5358966e-15
0.511462 2.645403e-15
0.5117 2.7771917e-15
0.511938 2.801555e-15
0.512176 2.7175784e-15
0.512414 2.749564e-15
0.512652 2.8680383e-15
0.51289 2.7688328e-15
0.513128 2.8403448e-15
0.513366 2.8480418e-15
0.513604 2.736655e-15
0.513842 2.8736474e-15
0.51408 3.1146598e-15
0.514318 3.1201738e-15
0.514556 3.0775479e-15
0.514794 2.8946076e-15
0.515032 2.9954947e-15
0.515094 1.890199e-15
0.515387 1.2686832e-15
0.51568 2.8994197e-16
0.515973 1.8744892e-15
0.516266 1.6652019e-15
0.516559 1.4023292e-15
0.516852 1.7204707e-15
0.517145 1.7309378e-15
0.517438 2.0345405e-15
0.517731 1.3120799e-15
0.518024 1.8571631e-15
0.518317 1.816091e-15
0.51861 1.0187304e-15
0.518903 1.1145252e-15
0.519196 1.3815655e-15
0.519489 1.4421669e-15
0.519782 1.8708497e-15
0.520075 2.1965544e-15
0.520368 2.5095022e-15
0.520661 2.78407e-15
0.520954 2.26297e-15
0.521247 1.7053644e-15
0.52154 2.2048217e-15
0.521833 1.818114e-15
0.522126 2.6688776e-15
0.522419 2.048501e-15
0.522712 1.6663753e-15
0.523005 1.7735056e-15
0.523298 2.512981e-15
0.523591 2.1242866e-15
0.523884 2.3530107e-15
0.524177 2.2067036e-15
0.52447 1.6683316e-15
0.524763 2.6091444e-15
0.525056 3.1857322e-15
0.525349 2.4261292e-15
0.525642 1.8873074e-15
0.525935 2.6705365e-15
0.526228 3.3557902e-15
0.526521 2.909184e-15
0.526814 2.3775181e-15
0.527107 2.4991942e-15
0.5274 2.6306124e-15
0.527693 2.9389521e-15
0.527986 2.3054863e-15
0.528279 1.8914265e-15
0.528572 1.8886783e-15
0.528865 2.5070149e-15
0.529158 2.21131e-15
0.529451 2.037471e-15
0.529744 2.06278e-15
0.530037 2.351596e-15
0.53033 2.391138e-15
0.530623 3.0713984e-15
0.530916 2.6109863e-15
0.531209 2.1595361e-15
0.531502 2.3228854e-15
0.531795 2.46735e-15
0.532088 2.2386808e-15
0.532381 2.914431e-15
0.532674 3.1753705e-15
0.532967 2.7579073e-15
0.53326 3.031356e-15
0.533553 3.0970061e-15
0.533846 2.6713475e-15
0.534139 2.4839752e-15
0.534432 2.5750954e-15
0.534725 2.5056092e-15
0.535018 2.7664475e-15
0.535311 2.7307358e-15
0.535604 2.8299322e-15
0.535897 2.7990231e-15
0.53619 2.5932648e-15
0.536483 2.9598997e-15
0.536776 3.1530183e-15
0.537069 3.0840847e-15
0.537362 3.2712832e-15
0.537655 3.5493042e-15
0.537948 3.6220823e-15
0.538241 3.1581268e-15
0.538534 2.8152895e-15
0.538827 2.5523203e-15
0.53912 2.7390905e-15
0.539413 3.1952264e-15
0.539706 3.2378762e-15
0.539999 2.8738e-15
0.540292 3.044514e-15
0.540585 2.765966e-15
0.540878 2.7534377e-15
0.541171 2.4637145e-15
0.541464 2.4987125e-15
0.541757 2.60594e-15
0.54205 2.1312605e-15
0.542343 2.5506068e-15
0.542636 2.7024895e-15
0.542929 3.0578603e-15
0.543222 2.8892726e-15
0.543515 3.1840064e-15
0.543808 3.4859175e-15
0.544101 3.6296666e-15
0.544394 3.225562e-15
0.544687 2.850989e-15
0.54498 2.9022388e-15
0.545273 3.0308353e-15
0.545566 3.2019982e-15
0.545859 3.4373315e-15
0.546152 3.535851e-15
0.546445 3.3528948e-15
0.546738 3.2946043e-15
0.547031 3.0280621e-15
0.547324 3.0100802e-15
0.547617 3.291391e-15
0.54791 3.5205019e-15
0.548203 3.3223478e-15
0.548496 3.1413464e-15
0.548789 3.5236933e-15
0.549082 3.5046175e-15
0.549375 3.06163e-15
0.549668 3.1881698e-15
0.549961 3.2005222e-15
0.550254 3.4695605e-15
0.550547 3.2199985e-15
0.55084 3.3330694e-15
0.551133 3.154643e-15
0.551426 3.0004431e-15
0.551719 3.345774e-15
0.552012 3.3414438e-15
0.552305 2.9253456e-15
0.552598 2.5840311e-15
0.552891 2.773941e-15
0.553184 3.341515e-15
0.553477 3.3920656e-15
0.55377 3.4975964e-15
0.554063 3.3283302e-15
0.554356 3.4680087e-15
0.554649 3.754777e-15
0.554942 3.5883433e-15
0.555235 3.3199795e-15
0.555528 3.732853e-15
0.555821 3.4328803e-15
0.556114 3.3140173e-15
0.556407 3.1110862e-15
0.5567 3.6102835e-15
0.556993 3.7967176e-15
0.557286 3.4617627e-15
0.557579 3.713877e-15
0.557872 3.648852e-15
0.558165 3.3686665e-15
0.558458 3.1885569e-15
0.558751 4.1140983e-15
0.559044 3.908849e-15
0.559337 3.7805334e-15
0.55963 4.2297916e-15
0.559923 3.8106716e-15
0.560216 3.2085077e-15
0.560509 3.1570614e-15
0.560802 3.2071628e-15
0.561095 3.16976e-15
0.561388 3.6841334e-15
0.561681 3.566566e-15
0.561974 3.3294074e-15
0.562267 3.6088173e-15
0.56256 3.6341512e-15
0.562853 3.690378e-15
0.563146 3.2710108e-15
0.563439 3.5366705e-15
0.563732 3.4075333e-15
0.564025 3.4133353e-15
0.564318 3.2339252e-15
0.564611 3.271825e-15
0.564904 3.922751e-15
0.565197 3.738702e-15
0.56549 3.7524047e-15
0.565783 3.71457e-15
0.566076 3.5860216e-15
0.566369 3.7230393e-15
0.566662 3.8882865e-15
0.566955 3.680512e-15
0.567248 3.81335e-15
0.567541 3.859847e-15
0.567834 3.743871e-15
0.568127 3.8007503e-15
0.56842 4.0045007e-15
0.568713 4.0845356e-15
0.569006 3.994268e-15
0.569299 3.696972e-15
0.569592 3.758167e-15
0.569885 3.4812554e-15
0.570178 3.4417164e-15
0.570471 3.615744e-15
0.570764 3.9781817e-15
0.571057 4.1395517e-15
0.57135 4.0322317e-15
0.571643 3.9556633e-15
0.571936 4.0382503e-15
0.572229 4.1200093e-15
0.572522 4.2375233e-15
0.572815 4.015715e-15
0.573108 4.050316e-15
0.573401 4.195186e-15
0.573694 4.3739087e-15
0.573987 4.2238717e-15
0.57428 4.256201e-15
0.574573 4.322151e-15
0.574866 4.2692883e-15
0.575159 4.2697783e-15
0.575452 4.0438314e-15
0.575745 4.0631107e-15
0.576038 4.2264284e-15
0.576331 4.127665e-15
0.576624 3.9903066e-15
0.576917 4.128846e-15
0.57721 4.1807954e-15
0.577503 4.206697e-15
0.577796 4.2932695e-15
0.578089 4.2901503e-15
0.578382 4.3513226e-15
0.578675 4.3697002e-15
0.578968 4.4350438e-15
0.579261 4.4211067e-15
0.579554 4.120052e-15
0.579847 4.3044122e-15
0.58014 4.4136384e-15
0.580433 4.6849676e-15
0.580726 4.617627e-15
0.581019 4.738276e-15
0.581312 4.526027e-15
0.581605 4.6463946e-15
0.581898 4.671544e-15
0.582191 4.7250496e-15
0.582484 4.5894973e-15
0.582777 4.5831737e-15
0.58307 4.745186e-15
0.583363 4.7037205e-15
0.583656 4.5088826e-15
0.583949 4.3995078e-15
0.584242 4.549843e-15
0.584535 4.5501407e-15
0.584828 4.5393034e-15
0.585121 4.6502757e-15
0.585414 4.6770004e-15
0.585707 4.7938257e-15
0.586 4.772692e-15
0.586293 4.6695563e-15
0.586586 4.663453e-15
0.586879 4.4204955e-15
0.587172 4.2643522e-15
0.587465 4.4032483e-15
0.587758 4.3685025e-15
0.588051 4.4038988e-15
0.588344 4.732351e-15
0.588637 4.9409664e-15
0.58893 4.80133e-15
0.589223 4.45895e-15
0.589516 4.3351904e-15
0.589809 4.2814386e-15
0.590102 4.180491e-15
0.590395 3.659632e-15
0.590688 3.4859995e-15
0.590981 3.4134911e-15
0.591274 3.3493229e-15
0.591567 3.4120291e-15
0.59186 4.1326327e-15
0.592153 4.3844255e-15
0.592446 4.2923094e-15
0.592739 4.6856986e-15
0.593032 4.606526e-15
0.593325 4.524908e-15
0.593618 4.6404323e-15
0.593911 4.493811e-15
0.594204 4.6455336e-15
0.594497 4.6347347e-15
0.59479 4.6969934e-15
0.595083 4.523033e-15
0.595376 4.5804548e-15
0.595669 4.773755e-15
0.595962 4.797891e-15
0.596255 4.7612404e-15
0.596548 4.697523e-15
0.596841 4.4658487e-15
0.597134 4.5557595e-15
0.597427 4.5108994e-15
0.59772 4.8762908e-15
0.598013 5.0503768e-15
0.598306 4.8695738e-15
0.598599 4.7134656e-15
0.598892 4.668273e-15
0.599185 4.836216e-15
0.599478 4.9480052e-15
0.599771 4.9891736e-15
0.600064 4.729532e-15
0.600357 4.530763e-15
0.60065 4.6308164e-15
0.600943 4.712757e-15
0.601236 4.5452605e-15
0.601529 4.4974057e-15
0.601822 4.5875745e-15
0.602115 4.6247393e-15
0.602408 4.6335294e-15
0.602701 4.8370918e-15
0.602994 5.0134555e-15
0.603287 4.8053636e-15
0.60358 4.8891635e-15
0.603873 4.7629065e-15
0.604166 4.8034345e-15
0.604459 4.9729597e-15
0.604752 5.1243803e-15
0.605045 5.201232e-15
0.605338 5.194596e-15
0.605631 5.279523e-15
0.605924 5.113116e-15
0.606217 5.2677813e-15
0.60651 5.25317e-15
0.606803 5.4268283e-15
0.607096 5.3850005e-15
0.607389 5.3030878e-15
0.607682 5.270858e-15
0.607975 5.170287e-15
0.608268 5.1799622e-15
0.608561 5.0308463e-15
0.608854 5.2538426e-15
0.609147 5.454163e-15
0.60944 5.545007e-15
0.609733 5.4112306e-15
0.610026 5.430001e-15
0.610319 5.4174122e-15
0.610612 5.4507968e-15
0.610905 5.2216583e-15
0.611198 5.110773e-15
0.611491 5.1878816e-15
0.611784 4.9660004e-15
0.612077 4.935829e-15
0.61237 5.1044916e-15
0.612663 5.333996e-15
0.612956 5.556817e-15
0.613249 5.6177703e-15
0.613542 5.0938236e-15
0.613835 4.94986e-15
0.614128 5.1298607e-15
0.614421 5.2696863e-15
0.614714 5.553118e-15
0.615007 5.374466e-15
0.6153 4.992888e-15
0.615593 5.2242714e-15
0.615886 5.4017815e-15
0.616179 5.53797e-15
0.616472 5.3094596e-15
0.616765 5.571215e-15
0.617058 5.3963707e-15
0.617351 5.305024e-15
0.617644 4.8026184e-15
0.617937 4.5252375e-15
0.61823 4.486462e-15
0.618523 4.793425e-15
0.618816 5.0886377e-15
0.619109 5.487417e-15
0.619402 5.7672068e-15
0.619695 5.4185413e-15
0.619988 5.292991e-15
0.620281 5.3475214e-15
0.620574 5.379177e-15
0.620867 5.4447502e-15
0.62116 5.2876358e-15
0.621453 5.255027e-15
0.621746 5.3523296e-15
0.622039 5.3498622e-15
0.622332 5.212068e-15
0.622625 5.1954032e-15
0.622918 4.881219e-15
0.623211 4.7100444e-15
0.623504 4.9333774e-15
0.623797 4.988962e-15
0.62409 4.8326486e-15
0.624383 4.632227e-15
0.624676 4.6031934e-15
0.624969 4.905998e-15
0.625262 4.9354564e-15
0.625555 4.990166e-15
0.625848 5.0222294e-15
0.626141 5.069175e-15
0.626434 5.088468e-15
0.626727 5.0587167e-15
0.62702 5.022048e-15
0.627313 5.0562357e-15
0.627606 4.94967e-15
0.627899 5.159514e-15
0.628192 5.1617646e-15
0.628485 5.2783718e-15
0.628778 5.288452e-15
0.629071 5.282682e-15
0.629364 5.1317614e-15
0.629657 5.1080877e-15
0.62995 5.1647986e-15
0.630243 5.505884e-15
0.630536 5.5962294e-15
0.630829 5.640921e-15
0.631122 6.069743e-15
0.631415 6.837138e-15
0.631708 7.1468845e-15
0.632001 6.635398e-15
0.632294 6.0569166e-15
0.632587 5.737574e-15
0.63288 5.8117594e-15
0.633173 5.828264e-15
0.633466 5.793473e-15
0.633759 5.896984e-15
0.634052 5.7819346e-15
0.634345 5.619962e-15
0.634638 5.9734314e-15
0.634931 5.9860017e-15
0.635224 5.9851035e-15
0.635517 5.9967582e-15
0.63581 6.1993948e-15
0.636103 6.1268354e-15
0.636396 6.145012e-15
0.636689 6.0804374e-15
0.636982 6.0742253e-15
0.637275 6.161883e-15
0.637568 6.3077044e-15
0.637861 6.556554e-15
0.638154 6.3385335e-15
0.638447 6.3990574e-15
0.63874 6.403949e-15
0.639033 6.2992506e-15
0.639326 6.273194e-15
0.639619 6.2101762e-15
0.639912 6.1380403e-15
0.640205 6.163568e-15
0.640498 6.205369e-15
0.640791 6.272665e-15
0.641084 6.1845696e-15
0.641377 6.110645e-15
0.64167 6.060038e-15
0.641963 6.1905466e-15
0.642256 6.3892034e-15
0.642549 6.3518086e-15
0.642842 6.2618816e-15
0.643135 6.3890895e-15
0.643428 6.334703e-15
0.643721 6.495657e-15
0.644014 6.4532764e-15
0.644307 6.3268584e-15
0.6446 6.453693e-15
0.644893 6.625431e-15
0.645186 6.497031e-15
0.645479 6.3943762e-15
0.645772 6.576689e-15
0.646065 6.673388e-15
0.646358 6.58546e-15
0.646651 6.5613036e-15
0.646944 6.5141382e-15
0.647237 6.7863776e-15
0.64753 6.8353416e-15
0.647823 6.5785026e-15
0.648116 6.7216554e-15
0.648409 6.895852e-15
0.648702 6.8267404e-15
0.648995 6.6524058e-15
0.649288 6.7290334e-15
0.649581 6.815785e-15
0.649874 6.932386e-15
0.650167 6.840189e-15
0.65046 6.657018e-15
0.650753 6.3915823e-15
0.651046 6.5161766e-15
0.651339 6.4313297e-15
0.651632 6.733097e-15
0.651925 6.7324267e-15
0.652218 6.8357134e-15
0.652511 6.978868e-15
0.652804 7.027749e-15
0.653097 7.0572405e-15
0.65339 7.164579e-15
0.653683 7.199287e-15
0.653976 7.120967e-15
0.654269 7.4386484e-15
0.654562 7.5465875e-15
0.654855 7.367825e-15
0.655148 7.460904e-15
0.655441 7.568751e-15
0.655734 7.681791e-15
0.656027 7.661925e-15
0.65632 7.803647e-15
0.656613 8.673897e-15
0.656906 1.0929618e-14
0.657199 1.651503e-14
0.657492 2.6467142e-14
0.657785 3.4909795e-14
0.658078 3.37675e-14
0.658371 2.415059e-14
0.658664 1.5110761e-14
0.658957 1.0257729e-14
0.65925 8.562872e-15
0.659543 8.137523e-15
0.659836 7.928862e-15
0.660129 7.7992126e-15
0.660422 7.63812e-15
0.660715 7.480689e-15
0.661008 7.194714e-15
0.661301 7.245129e-15
0.661594 7.319434e-15
0.661887 7.296978e-15
0.66218 7.460317e-15
0.662473 7.4166256e-15
0.662766 7.472675e-15
0.663059 7.576261e-15
0.663352 7.552271e-15
0.663645 7.493048e-15
0.663938 7.436968e-15
0.664231 7.351597e-15
0.664524 7.265158e-15
0.664817 7.268946e-15
0.66511 7.233997e-15
0.665403 7.2823226e-15
0.665696 7.351084e-15
0.665989 7.288961e-15
0.666282 7.261648e-15
0.666575 7.209007e-15
0.666868 7.338743e-15
0.667161 7.341899e-15
0.667454 7.198332e-15
0.667747 7.116775e-15
0.66804 7.0899677e-15
0.668333 7.137487e-15
0.668626 7.434314e-15
0.668919 7.564447e-15
0.669212 7.546055e-15
0.669505 7.558143e-15
0.669798 7.400789e-15
0.670091 7.416111e-15
0.670384 7.448318e-15
0.670677 7.211001e-15
0.67097 7.26101e-15
0.671263 7.246214e-15
0.671556 7.198699e-15
0.671849 7.395679e-15
0.672142 7.188735e-15
0.672435 6.8458706e-15
0.672728 6.841477e-15
0.673021 6.9795316e-15
0.673314 6.987904e-15
0.673607 6.894148e-15
0.6739 6.911902e-15
0.674193 7.117707e-15
0.674486 7.201893e-15
0.674779 7.357175e-15
0.675072 7.4159725e-15
0.675365 7.356799e-15
0.675658 7.321781e-15
0.675951 7.226607e-15
0.676244 7.17639e-15
0.676537 7.195394e-15
0.67683 7.249684e-15
0.677123 7.2042e-15
0.677416 7.441069e-15
0.677709 7.369157e-15
0.678002 7.345954e-15
0.678295 7.384581e-15
0.678588 7.352783e-15
0.678881 7.531235e-15
0.679174 7.604192e-15
0.679467 7.5521525e-15
0.67976 7.544719e-15
0.680053 7.404733e-15
0.680346 7.362001e-15
0.680639 7.376946e-15
0.680932 7.33627e-15
0.681225 7.310543e-15
0.681518 7.5073665e-15
0.681811 7.53261e-15
0.682104 7.398033e-15
0.682397 7.280747e-15
0.68269 7.320282e-15
0.682983 7.227728e-15
0.683276 7.262573e-15
0.683569 7.154973e-15
0.683862 7.0779894e-15
0.684155 7.322856e-15
0.684448 7.440626e-15
0.684741 7.580587e-15
0.685034 7.475327e-15
0.685327 7.2899704e-15
0.68562 7.384603e-15
0.685913 7.347897e-15
0.686206 7.392434e-15
0.686499 7.440846e-15
0.686792 7.430812e-15
0.687085 7.248335e-15
0.687378 7.281548e-15
0.687671 7.199675e-15
0.687964 6.8949642e-15
0.688257 6.552281e-15
0.68855 6.1261065e-15
0.688843 6.011573e-15
0.689136 6.246363e-15
0.689429 6.523997e-15
0.689722 6.909572e-15
0.690015 7.0884473e-15
0.690308 7.10245e-15
0.690601 7.20811e-15
0.690894 7.185415e-15
0.691187 7.237104e-15
0.69148 7.396008e-15
0.691773 7.359569e-15
0.692066 7.388939e-15
0.692359 7.703463e-15
0.692652 7.983675e-15
0.692945 8.021043e-15
0.693238 7.916295e-15
0.693531 8.050019e-15
0.693824 8.105775e-15
0.694117 8.139713e-15
0.69441 8.336277e-15
0.694703 8.555007e-15
0.694996 8.591318e-15
0.695289 8.602344e-15
0.695582 8.776591e-15
0.695875 8.970816e-15
0.696168 9.136833e-15
0.696461 9.21475e-15
0.696754 9.0683745e-15
0.697047 9.025128e-15
0.69734 9.05245e-15
0.697633 9.091902e-15
0.697926 9.139423e-15
0.698219 9.024801e-15
0.698512 9.0337106e-15
0.698805 9.1977495e-15
0.699098 9.130401e-15
0.699391 9.042088e-15
0.699684 8.985051e-15
0.699977 9.020677e-15
0.70027 9.161472e-15
0.700563 9.0759445e-15
0.700856 9.296946e-15
0.701149 9.500842e-15
0.701442 9.446849e-15
0.701735 9.444286e-15
0.702028 9.545983e-15
0.702321 9.3325175e-15
0.702614 9.3643685e-15
0.702907 9.5962235e-15
0.7032 9.71735e-15
0.703493 9.720034e-15
0.703786 9.668202e-15
0.704079 9.646325e-15
0.704372 9.74326e-15
0.704665 9.920151e-15
0.704958 1.0032262e-14
0.705251 1.0119003e-14
0.705544 1.0159171e-14
0.705837 1.0251595e-14
0.70613 1.0425325e-14
0.706423 1.0414185e-14
0.706716 1.02783814e-14
0.707009 9.840875e-15
0.707302 9.61781e-15
0.707595 9.377793e-15
0.707888 9.682063e-15
0.708181 9.69789e-15
0.708474 9.761762e-15
0.708767 9.73537e-15
0.70906 9.750007e-15
0.709353 9.795834e-15
0.709646 9.7356425e-15
0.709939 9.47948e-15
0.710232 9.304627e-15
0.710525 9.318962e-15
0.710818 9.405098e-15
0.711111 9.3035685e-15
0.711404 9.318646e-15
0.711697 9.346407e-15
0.71199 9.181779e-15
0.712283 9.210138e-15
0.712576 9.375754e-15
0.712869 9.375507e-15
0.713162 9.3727524e-15
0.713455 9.383241e-15
0.713748 9.366188e-15
0.714041 9.3003515e-15
0.714334 9.061863e-15
0.714627 9.020215e-15
0.71492 9.032851e-15
0.715213 8.900808e-15
0.715506 8.983718e-15
0.715799 8.963922e-15
0.716092 8.891928e-15
0.716385 8.785934e-15
0.716678 8.9876066e-15
0.716971 9.357091e-15
0.717264 9.3339465e-15
0.717557 9.25388e-15
0.71785 9.341732e-15
0.718143 9.3241726e-15
0.718436 9.238138e-15
0.718729 9.329863e-15
0.719022 9.376501e-15
0.719315 9.120639e-15
0.719608 9.093148e-15
0.719901 9.19703e-15
0.720194 9.0614255e-15
0.720487 9.044687e-15
0.72078 9.134217e-15
0.721073 9.174916e-15
0.721366 9.0865205e-15
0.721659 8.7903665e-15
0.721952 8.884759e-15
0.722245 8.92285e-15
0.722538 9.243679e-15
0.722831 9.339477e-15
0.723124 9.41461e-15
0.723417 9.578122e-15
0.72371 9.532705e-15
0.724003 9.525679e-15
0.724296 9.7550514e-15
0.724589 9.890464e-15
0.724882 9.69296e-15
0.725175 9.862803e-15
0.725468 9.967522e-15
0.725761 9.9519316e-15
0.726054 9.797313e-15
0.726347 9.7491815e-15
0.72664 9.883008e-15
0.726933 1.0017001e-14
0.727226 1.0186089e-14
0.727519 1.0222157e-14
0.727812 1.0064732e-14
0.728105 1.0073776e-14
0.728398 1.0202386e-14
0.728691 1.0217903e-14
0.728984 1.0284738e-14
0.729277 1.0448089e-14
0.72957 1.04433276e-14
0.729863 1.06289e-14
0.730156 1.0465956e-14
0.730449 1.0494688e-14
0.730742 1.0352548e-14
0.731035 1.0505799e-14
0.731328 1.0693473e-14
0.731621 1.0760603e-14
0.731914 1.0774146e-14
0.732207 1.07808575e-14
0.7325 1.0756232e-14
0.732793 1.0978321e-14
0.733086 1.1149916e-14
0.733379 1.1215346e-14
0.733672 1.1280003e-14
0.733965 1.12723255e-14
0.734258 1.1256643e-14
0.734551 1.1268087e-14
0.734844 1.1434152e-14
0.735137 1.17302205e-14
0.73543 1.1816527e-14
0.735723 1.1622297e-14
0.736016 1.1813015e-14
0.736309 1.1848022e-14
0.736602 1.1588518e-14
0.736895 1.1501479e-14
0.737188 1.14856e-14
0.737481 1.1498714e-14
0.737774 1.1408506e-14
0.738067 1.168771e-14
0.73836 1.1989752e-14
0.738653 1.1957613e-14
0.738946 1.20344374e-14
0.739239 1.2231232e-14
0.739532 1.2073476e-14
0.739825 1.2003692e-14
0.740118 1.203003e-14
0.740411 1.1819518e-14
0.740704 1.17411176e-14
0.740997 1.19748495e-14
0.74129 1.2097149e-14
0.741583 1.2040075e-14
0.741876 1.2101503e-14
0.742169 1.23284595e-14
0.742462 1.2113543e-14
0.742755 1.2114713e-14
0.743048 1.2138576e-14
0.743341 1.2081104e-14
0.743634 1.19587356e-14
0.743927 1.1934088e-14
0.74422 1.2136364e-14
0.744513 1.2139589e-14
0.744806 1.2001777e-14
0.745099 1.221104e-14
0.745392 1.242666e-14
0.745685 1.2356693e-14
0.745978 1.2142182e-14
0.746271 1.2129234e-14
0.746564 1.2389962e-14
0.746857 1.2404552e-14
0.74715 1.24250145e-14
0.747443 1.2587103e-14
0.747736 1.2588671e-14
0.748029 1.2511515e-14
0.748322 1.2453533e-14
0.748615 1.2710962e-14
0.748908 1.2697143e-14
0.749201 1.271006e-14
0.749494 1.2761359e-14
0.749787 1.2725711e-14
0.75008 1.2938272e-14
0.750373 1.2746489e-14
0.750666 1.2695331e-14
0.750959 1.26931165e-14
0.751252 1.2547001e-14
0.751545 1.2656307e-14
0.751838 1.27943175e-14
0.752131 1.2898167e-14
0.752424 1.3058734e-14
0.752717 1.2652414e-14
0.75301 1.26211805e-14
0.753303 1.2945527e-14
0.753596 1.331628e-14
0.753889 1.3054974e-14
0.754182 1.2854905e-14
0.754475 1.2747188e-14
0.754768 1.29075175e-14
0.755061 1.3010146e-14
0.755354 1.3074077e-14
0.755647 1.3109949e-14
0.75594 1.29949084e-14
0.756233 1.31543116e-14
0.756526 1.3110607e-14
0.756819 1.3105234e-14
0.757112 1.3102845e-14
0.757405 1.3112427e-14
0.757698 1.31682385e-14
0.757991 1.30093885e-14
0.758284 1.2990791e-14
0.758577 1.2855553e-14
0.75887 1.2973694e-14
0.759163 1.2838804e-14
0.759456 1.27457825e-14
0.759749 1.2794346e-14
0.760042 1.2726232e-14
0.760335 1.2005666e-14
0.760628 1.1114148e-14
0.760921 9.606326e-15
0.761214 7.601415e-15
0.761507 5.863185e-15
0.7618 4.4943102e-15
0.762093 4.0915766e-15
0.762386 4.3498505e-15
0.762679 5.0626393e-15
0.762972 6.2513335e-15
0.763265 7.85047e-15
0.763558 8.493258e-15
0.763851 7.991801e-15
0.764144 7.276409e-15
0.764437 6.898154e-15
0.76473 6.993189e-15
0.765023 7.139705e-15
0.765316 7.338203e-15
0.765609 7.7951155e-15
0.765902 8.305559e-15
0.766195 8.6591035e-15
0.766488 8.976215e-15
0.766781 9.388348e-15
0.767074 9.896066e-15
0.767367 1.0178164e-14
0.76766 1.0253793e-14
0.767953 1.016911e-14
0.768246 1.0068486e-14
0.768539 1.04151815e-14
0.768832 1.0882786e-14
0.769125 1.127257e-14
0.769418 1.1624917e-14
0.769711 1.175349e-14
0.770004 1.1808399e-14
0.770297 1.1931422e-14
0.77059 1.2009698e-14
0.770883 1.2087978e-14
0.771176 1.2002767e-14
0.771469 1.1811196e-14
0.771762 1.1958844e-14
0.772055 1.2391303e-14
0.772348 1.2461012e-14
0.772641 1.259218e-14
0.772934 1.2728449e-14
0.773227 1.2764139e-14
0.77352 1.2758884e-14
0.773813 1.2903094e-14
0.774106 1.2986486e-14
0.774399 1.3057492e-14
0.774692 1.3145212e-14
0.774985 1.330437e-14
0.775278 1.34297514e-14
0.775571 1.3367245e-14
0.775864 1.3357771e-14
0.776157 1.33358265e-14
0.77645 1.3340163e-14
0.776743 1.3191538e-14
0.777036 1.333652e-14
0.777329 1.3090698e-14
0.777622 1.3292445e-14
0.777915 1.3630888e-14
0.778208 1.3281517e-14
0.778501 1.3712143e-14
0.778794 1.3553384e-14
0.779087 1.3694019e-14
0.77938 1.32591946e-14
0.779673 1.3246115e-14
0.779966 1.3057385e-14
0.780259 1.2984128e-14
0.780552 1.3139182e-14
0.780845 1.3186503e-14
0.781138 1.3456635e-14
0.781431 1.336932e-14
0.781724 1.3318284e-14
0.782017 1.3313866e-14
0.78231 1.3848088e-14
0.782603 1.3531881e-14
0.782896 1.3695976e-14
0.783189 1.3780321e-14
0.783482 1.390485e-14
0.783775 1.3723357e-14
0.784068 1.3683534e-14
0.784361 1.3404849e-14
0.784654 1.3395501e-14
0.784947 1.3285621e-14
0.78524 1.3205844e-14
0.785533 1.35250486e-14
0.785826 1.35952075e-14
0.786119 1.3357868e-14
0.786412 1.3730619e-14
0.786705 1.3835696e-14
0.786998 1.4029371e-14
0.787291 1.3737894e-14
0.787584 1.3691362e-14
0.787877 1.3863048e-14
0.78817 1.3830589e-14
0.788463 1.3730457e-14
0.788756 1.3700894e-14
0.789049 1.3842518e-14
0.789342 1.4061847e-14
0.789635 1.3911691e-14
0.789928 1.382142e-14
0.790221 1.3612219e-14
0.790514 1.3795876e-14
0.790807 1.4134654e-14
0.7911 1.3996105e-14
0.791393 1.4115132e-14
0.791686 1.4036943e-14
0.791979 1.4021753e-14
0.792272 1.3837053e-14
0.792565 1.3856669e-14
0.792858 1.42032255e-14
0.793151 1.4022216e-14
0.793444 1.3872823e-14
0.793737 1.3770515e-14
0.79403 1.3891705e-14
0.794323 1.3911341e-14
0.794616 1.3991399e-14
0.794909 1.4054326e-14
0.795202 1.3768475e-14
0.795495 1.4270149e-14
0.795788 1.4095612e-14
0.796081 1.3906322e-14
0.796374 1.3898786e-14
0.796667 1.4348364e-14
0.79696 1.4542636e-14
0.797253 1.4383062e-14
0.797546 1.4710728e-14
0.797839 1.495948e-14
0.798132 1.4640529e-14
0.798425 1.4746068e-14
0.798718 1.4827346e-14
0.799011 1.4935461e-14
0.799304 1.4955637e-14
0.799597 1.4905806e-14
0.79989 1.5099513e-14
0.800183 1.4715442e-14
0.800476 1.4599416e-14
0.800769 1.4925456e-14
0.801062 1.462234e-14
0.801355 1.4662494e-14
0.801648 1.507294e-14
0.801941 1.4800869e-14
0.802234 1.4803737e-14
0.802527 1.5075706e-14
0.80282 1.5368813e-14
0.803113 1.5136314e-14
0.803406 1.5273937e-14
0.803699 1.5350624e-14
0.803992 1.5191348e-14
0.804285 1.4799666e-14
0.804578 1.4927213e-14
0.804871 1.5115542e-14
0.805164 1.5287359e-14
0.805457 1.5216378e-14
0.80575 1.5336797e-14
0.806043 1.4984987e-14
0.806336 1.4641796e-14
0.806629 1.5206327e-14
0.806922 1.536463e-14
0.807215 1.5454064e-14
0.807508 1.5515838e-14
0.807801 1.5671024e-14
0.808094 1.5498074e-14
0.808387 1.51648e-14
0.80868 1.520447e-14
0.808973 1.5274762e-14
0.809266 1.5366035e-14
0.809559 1.5544113e-14
0.809852 1.5505275e-14
0.810145 1.5462978e-14
0.810438 1.5370782e-14
0.810731 1.5236783e-14
0.811024 1.5439232e-14
0.811317 1.5409154e-14
0.81161 1.5509958e-14
0.811903 1.5734496e-14
0.812196 1.5826453e-14
0.812489 1.5714833e-14
0.812782 1.571704e-14
0.813075 1.5415203e-14
0.813368 1.5368156e-14
0.813661 1.5454455e-14
0.813954 1.5556355e-14
0.814247 1.5743828e-14
0.81454 1.5652767e-14
0.814833 1.553028e-14
0.815126 1.5572799e-14
0.815419 1.585332e-14
0.815712 1.5948534e-14
0.816005 1.5930525e-14
0.816298 1.5668783e-14
0.816591 1.535613e-14
0.816884 1.5739917e-14
0.817177 1.5710603e-14
0.81747 1.5484182e-14
0.817763 1.5111171e-14
0.818056 1.54225e-14
0.818349 1.5769394e-14
0.818642 1.5466078e-14
0.818935 1.5818301e-14
0.819228 1.5904863e-14
0.819521 1.5369433e-14
0.819814 1.486236e-14
0.820107 1.4793647e-14
0.8204 1.4977421e-14
0.820693 1.5451394e-14
0.820986 1.4834359e-14
0.821279 1.4408168e-14
0.821572 1.4782985e-14
0.821865 1.5206693e-14
0.822158 1.5337525e-14
0.822451 1.5486993e-14
0.822744 1.5702756e-14
0.823037 1.5710211e-14
0.82333 1.5356924e-14
0.823623 1.5301979e-14
0.823916 1.5645246e-14
0.824209 1.5570183e-14
0.824502 1.5323128e-14
0.824795 1.5452244e-14
0.825088 1.5592359e-14
0.825381 1.57302e-14
0.825674 1.5905885e-14
0.825967 1.6325754e-14
0.82626 1.6417013e-14
0.826553 1.6386574e-14
0.826846 1.6168988e-14
0.827139 1.592604e-14
0.827432 1.5977198e-14
0.827725 1.6423633e-14
0.828018 1.6514786e-14
0.828311 1.652171e-14
0.828604 1.6067922e-14
0.828897 1.6062093e-14
0.82919 1.6501952e-14
0.829483 1.6443852e-14
0.829776 1.6353425e-14
0.830069 1.6058213e-14
0.830362 1.622743e-14
0.830655 1.6313417e-14
0.830948 1.6186447e-14
0.831241 1.6384712e-14
0.831534 1.6681582e-14
0.831827 1.624541e-14
0.83212 1.6226835e-14
0.832413 1.6180908e-14
0.832706 1.6269568e-14
0.832999 1.655901e-14
0.833292 1.6343069e-14
0.833585 1.6297983e-14
0.833878 1.6232636e-14
0.834171 1.6123347e-14
0.834464 1.583127e-14
0.834757 1.5755634e-14
0.83505 1.6060888e-14
0.835343 1.6315732e-14
0.835636 1.659086e-14
0.835929 1.6674404e-14
0.836222 1.6650023e-14
0.836515 1.6469361e-14
0.836808 1.657693e-14
0.837101 1.6367336e-14
0.837394 1.6563824e-14
0.837687 1.6726914e-14
0.83798 1.66118e-14
0.838273 1.6582059e-14
0.838566 1.666041e-14
0.838859 1.700654e-14
0.839152 1.6808019e-14
0.839445 1.6513529e-14
0.839738 1.6483414e-14
0.840031 1.6563633e-14
0.840324 1.641233e-14
0.840617 1.634881e-14
0.84091 1.6839235e-14
0.841203 1.6928094e-14
0.841496 1.7053458e-14
0.841789 1.7024634e-14
0.842082 1.7067063e-14
0.842375 1.7322627e-14
0.842668 1.7481827e-14
0.842961 1.7232985e-14
0.843254 1.7070973e-14
0.843547 1.6794261e-14
0.84384 1.6927743e-14
0.844133 1.6621687e-14
0.844426 1.687438e-14
0.844719 1.6825911e-14
0.845012 1.6362278e-14
0.845305 1.6164745e-14
0.845598 1.665156e-14
0.845891 1.7191987e-14
0.846184 1.7375592e-14
0.846477 1.730452e-14
0.84677 1.6997215e-14
0.847063 1.6758959e-14
0.847356 1.6662834e-14
0.847649 1.6672341e-14
0.847942 1.693453e-14
0.848235 1.6916051e-14
0.848528 1.6274827e-14
0.848821 1.6337898e-14
0.849114 1.661892e-14
0.849407 1.647555e-14
0.8497 1.6374324e-14
0.849993 1.63701e-14
0.850286 1.6967883e-14
0.850579 1.67399e-14
0.850872 1.7147288e-14
0.851165 1.7449775e-14
0.851458 1.7645365e-14
0.851751 1.7691359e-14
0.852044 1.7718698e-14
0.852337 1.7492814e-14
0.85263 1.716821e-14
0.852923 1.6715189e-14
0.853216 1.6232917e-14
0.853509 1.6266495e-14
0.853802 1.67175e-14
0.854095 1.6808781e-14
0.854388 1.6832706e-14
0.854681 1.7138007e-14
0.854974 1.7300518e-14
0.855267 1.7667733e-14
0.85556 1.7295693e-14
0.855853 1.7603283e-14
0.856146 1.7544973e-14
0.856439 1.7572898e-14
0.856732 1.7725155e-14
0.857025 1.781261e-14
0.857318 1.7616756e-14
0.857611 1.6956856e-14
0.857904 1.7266407e-14
0.858197 1.7531807e-14
0.85849 1.7755002e-14
0.858783 1.7816877e-14
0.859076 1.7786421e-14
0.859369 1.7811209e-14
0.859662 1.740907e-14
0.859955 1.7167933e-14
0.860248 1.742446e-14
0.860541 1.7962172e-14
0.860834 1.8191923e-14
0.861127 1.8279213e-14
0.86142 1.7793855e-14
0.861713 1.7776963e-14
0.862006 1.7618309e-14
0.862299 1.7552654e-14
0.862592 1.7469626e-14
0.862885 1.7740771e-14
0.863178 1.8098114e-14
0.863471 1.7683832e-14
0.863764 1.732732e-14
0.864057 1.7150821e-14
0.86435 1.7521735e-14
0.864643 1.8108036e-14
0.864936 1.8545575e-14
0.865229 1.8235369e-14
0.865522 1.8230875e-14
0.865815 1.8094884e-14
0.866108 1.800345e-14
0.866401 1.8091772e-14
0.866694 1.797605e-14
0.866987 1.826382e-14
0.86728 1.89212e-14
0.867573 1.8927742e-14
0.867866 1.8856382e-14
0.868159 1.8740404e-14
0.868452 1.8393654e-14
0.868745 1.8321473e-14
0.869038 1.8178042e-14
0.869331 1.8198816e-14
0.869624 1.8551375e-14
0.869917 1.8468066e-14
0.87021 1.8052014e-14
0.870503 1.7569415e-14
0.870796 1.7490309e-14
0.871089 1.7902582e-14
0.871382 1.8457232e-14
0.871675 1.8595853e-14
0.871968 1.866125e-14
0.872261 1.8391122e-14
0.872554 1.8229479e-14
0.872847 1.8286542e-14
0.87314 1.8624142e-14
0.873433 1.8432172e-14
0.873726 1.8542164e-14
0.874019 1.874609e-14
0.874312 1.8943351e-14
0.874605 1.865836e-14
0.874898 1.8199999e-14
0.875191 1.8215244e-14
0.875484 1.8622744e-14
0.875777 1.885265e-14
0.87607 1.8985998e-14
0.876363 1.9326796e-14
0.876656 1.913821e-14
0.876949 1.9081233e-14
0.877242 1.8847166e-14
0.877535 1.8725808e-14
0.877828 1.86208e-14
0.878121 1.8567066e-14
0.878414 1.8720353e-14
0.878707 1.865044e-14
0.879 1.8570532e-14
0.879293 1.8692899e-14
0.879586 1.8536222e-14
0.879879 1.8609949e-14
0.880172 1.8667314e-14
0.880465 1.8869932e-14
0.880758 1.8799215e-14
0.881051 1.8785858e-14
0.881344 1.8694491e-14
0.881637 1.8392451e-14
0.88193 1.7767707e-14
0.882223 1.7573028e-14
0.882516 1.8008881e-14
0.882809 1.8857486e-14
0.883102 1.9387971e-14
0.883395 1.9271446e-14
0.883688 1.8924293e-14
0.883981 1.8567204e-14
0.884274 1.8956541e-14
0.884567 1.9560535e-14
0.88486 1.9246611e-14
0.885153 1.9890334e-14
0.885446 2.0049678e-14
0.885739 1.9205518e-14
0.886032 1.9151766e-14
0.886325 1.9018966e-14
0.886618 1.9238902e-14
0.886911 1.9835236e-14
0.887204 1.9806913e-14
0.887497 1.9827139e-14
0.88779 1.9467465e-14
0.888083 1.9217538e-14
0.888376 1.9052742e-14
0.888669 1.8082339e-14
0.888962 1.8027924e-14
0.889255 1.8392597e-14
0.889548 1.878654e-14
0.889841 1.9522868e-14
0.890134 1.8935156e-14
0.890427 1.8801531e-14
0.89072 1.8925633e-14
0.891013 1.9111942e-14
0.891306 1.932719e-14
0.891599 1.9009962e-14
0.891892 1.8954397e-14
0.892185 1.921858e-14
0.892478 1.944319e-14
0.892771 1.9245925e-14
0.893064 1.9334388e-14
0.893357 1.9211612e-14
0.89365 1.9325545e-14
0.893943 1.9188767e-14
0.894236 1.9109588e-14
0.894529 1.9176162e-14
0.894822 1.9196508e-14
0.895115 1.9511673e-14
0.895408 1.9182759e-14
0.895701 1.910309e-14
0.895994 1.9007817e-14
0.896287 1.8478866e-14
0.89658 1.845934e-14
0.896873 1.871688e-14
0.897166 1.9265856e-14
0.897459 1.9312953e-14
0.897752 1.9031805e-14
0.898045 1.8746875e-14
0.898338 1.8460775e-14
0.898631 1.827926e-14
0.898924 1.8325785e-14
0.899217 1.8351067e-14
0.89951 1.8371077e-14
0.899803 1.8478095e-14
0.900096 1.8945728e-14
0.900389 1.8180109e-14
0.900682 1.7905763e-14
0.900975 1.8321807e-14
0.901268 1.8570442e-14
0.901561 1.8546115e-14
0.901854 1.8830659e-14
0.902147 1.9239527e-14
0.90244 1.9473664e-14
0.902733 1.918642e-14
0.903026 1.9365167e-14
0.903319 1.9112582e-14
0.903612 1.8786137e-14
0.903905 1.8747685e-14
0.904198 1.8852194e-14
0.904491 1.9215147e-14
0.904784 1.9726372e-14
0.905077 1.9878718e-14
0.90537 1.9738275e-14
0.905663 1.9559529e-14
0.905956 1.9667836e-14
0.906249 1.95007e-14
0.906542 1.9487036e-14
0.906835 1.9602875e-14
0.907128 1.9606853e-14
0.907421 1.9946137e-14
0.907714 1.9221568e-14
0.908007 1.9098118e-14
0.9083 1.8895154e-14
0.908593 1.9483882e-14
0.908886 1.9492425e-14
0.909179 1.9790322e-14
0.909472 1.9410397e-14
0.909765 1.916509e-14
0.910058 1.8947416e-14
0.910351 1.837464e-14
0.910644 1.8734287e-14
0.910937 1.9540145e-14
0.91123 1.9510277e-14
0.911523 1.9641286e-14
0.911816 1.9817222e-14
0.912109 1.9567947e-14
0.912402 1.9344857e-14
0.912695 1.9847495e-14
0.912988 1.9943782e-14
0.913281 1.9851315e-14
0.913574 1.9866046e-14
0.913867 2.0292456e-14
0.91416 2.0579807e-14
0.914453 2.0543063e-14
0.914746 2.0234028e-14
0.915039 1.9280847e-14
0.915332 1.9206835e-14
0.915625 1.9454014e-14
0.915918 1.9585731e-14
0.916211 2.0088279e-14
0.916504 2.0724316e-14
0.916797 2.038203e-14
0.91709 1.9509337e-14
0.917383 1.9520549e-14
0.917676 1.9717233e-14
0.917969 1.9598531e-14
0.918262 1.9494077e-14
0.918555 1.9894302e-14
0.918848 1.9854322e-14
0.919141 2.0311608e-14
0.919434 2.052959e-14
0.919727 2.0374346e-14
0.92002 2.0039412e-14
0.920313 1.9829558e-14
0.920606 1.9718273e-14
0.920899 2.0030815e-14
0.921192 2.0983403e-14
0.921485 2.1814781e-14
0.921778 2.1679959e-14
0.922071 2.1333709e-14
0.922364 2.0428898e-14
0.922657 1.9951973e-14
0.92295 1.9574882e-14
0.923243 2.012546e-14
0.923536 2.1000373e-14
0.923829 2.2218311e-14
0.924122 2.2923405e-14
0.924415 2.2838995e-14
0.924708 2.2161679e-14
0.925001 2.1012114e-14
0.925294 1.99516e-14
0.925587 2.005742e-14
0.92588 2.023666e-14
0.926173 2.0305555e-14
0.926466 2.0217431e-14
0.926759 1.9899438e-14
0.927052 1.9700855e-14
0.927345 1.9084023e-14
0.927638 1.8878352e-14
0.927931 1.9392536e-14
0.928224 1.955008e-14
0.928517 1.9659538e-14
0.92881 1.9706306e-14
0.929103 1.96758e-14
0.929396 1.9150478e-14
0.929689 1.9096314e-14
0.929982 1.8924158e-14
0.930275 1.8652889e-14
0.930568 1.8571392e-14
0.930861 1.852759e-14
0.931154 1.8556137e-14
0.931447 1.8732073e-14
0.93174 1.8756176e-14
0.932033 1.872698e-14
0.932326 1.8574452e-14
0.932619 1.7577496e-14
0.932912 1.721924e-14
0.933205 1.6947247e-14
0.933498 1.6241625e-14
0.933791 1.6525216e-14
0.934084 1.5764582e-14
0.934377 1.5526995e-14
0.93467 1.5424885e-14
0.934963 1.5219147e-14
0.935256 1.474847e-14
0.935549 1.4163873e-14
0.935842 1.363649e-14
0.936135 1.3664729e-14
0.936428 1.492206e-14
0.936721 1.4779463e-14
0.937014 1.4131734e-14
0.937307 1.373727e-14
0.9376 1.4143858e-14
0.937893 1.4113823e-14
0.938186 1.4307047e-14
0.938479 1.3892628e-14
0.938772 1.4151942e-14
0.939065 1.5303993e-14
0.939358 1.5527378e-14
0.939651 1.5525365e-14
0.939944 1.613098e-14
0.940237 1.6219332e-14
0.94053 1.6969534e-14
0.940823 1.7782745e-14
0.941116 1.8188716e-14
0.941409 1.7863759e-14
0.941702 1.797256e-14
0.941995 1.8610964e-14
0.942288 1.8477358e-14
0.942581 1.836642e-14
0.942874 1.7545288e-14
0.943167 1.7259665e-14
0.94346 1.73957e-14
0.943753 1.6789586e-14
0.944046 1.6343264e-14
0.944339 1.5918263e-14
0.944632 1.6322704e-14
0.944925 1.7691864e-14
0.945218 1.7688797e-14
0.945511 1.6299072e-14
0.945804 1.5394173e-14
0.946097 1.5536561e-14
0.94639 1.650726e-14
0.946683 1.6267473e-14
0.946976 1.614603e-14
0.947269 1.6391326e-14
0.947562 1.6548501e-14
0.947855 1.6962133e-14
0.948148 1.7276304e-14
0.948441 1.7053489e-14
0.948734 1.759737e-14
0.949027 1.821398e-14
0.94932 1.7612988e-14
0.949613 1.6514642e-14
0.949906 1.746717e-14
0.950199 1.836647e-14
0.950492 1.891076e-14
0.950785 1.7838654e-14
0.951078 1.6085313e-14
0.951371 1.620853e-14
0.951664 1.6436995e-14
0.951957 1.6864816e-14
0.95225 1.809116e-14
0.952543 1.892476e-14
0.952836 1.8938327e-14
0.953129 1.8374115e-14
0.953422 1.7726638e-14
0.953715 1.6766643e-14
0.954008 1.6630408e-14
0.954301 1.6835005e-14
0.954594 1.7505438e-14
0.954887 1.8215115e-14
0.95518 1.8705012e-14
0.955473 1.8856636e-14
0.955766 1.9618017e-14
0.956059 1.974482e-14
0.956352 1.9692015e-14
0.956645 1.9418725e-14
0.956938 1.7814848e-14
0.957231 1.7359256e-14
0.957524 1.7991859e-14
0.957817 1.8388457e-14
0.95811 1.8572151e-14
0.958403 1.8260382e-14
0.958696 1.7988105e-14
0.958989 1.8094289e-14
0.959282 1.8579336e-14
0.959575 1.8519545e-14
0.959868 1.8535297e-14
0.960161 1.8372871e-14
0.960454 1.863927e-14
0.960747 1.8315505e-14
0.96104 1.8567013e-14
0.961333 1.7911144e-14
0.961626 1.798833e-14
0.961919 1.8248485e-14
0.962212 1.8235623e-14
0.962505 1.8475667e-14
0.962798 1.8864455e-14
0.963091 1.9397309e-14
0.963384 1.9255492e-14
0.963677 1.8407017e-14
0.96397 1.8732574e-14
0.964263 1.9016046e-14
0.964556 1.8988771e-14
0.964849 1.8552144e-14
0.965142 1.7588473e-14
0.965435 1.6978262e-14
0.965728 1.7049421e-14
0.966021 1.7098148e-14
0.966314 1.7259733e-14
0.966607 1.798659e-14
0.9669 1.7812434e-14
0.967193 1.8624737e-14
0.967486 1.8689611e-14
0.967779 1.8152978e-14
0.968072 1.7389051e-14
0.968365 1.7667434e-14
0.968658 1.7747971e-14
0.968951 1.769559e-14
0.969244 1.7446936e-14
0.969537 1.771158e-14
0.96983 1.8155789e-14
0.970123 1.8879097e-14
