#  Epoch        LineName   LineLambda  EqW        Flux            blueX  blueY           RedX     RedY
  2008.000     Ca-1.03     1.03480  8.3170E-05  4.5495E-18      1.0336  5.4944E-14      1.0352  5.4458E-14
  2014.920     Ca-1.03     1.03480  7.1550E-05  1.8044E-18      1.0338  2.5263E-14      1.0351  2.5175E-14
  2014.960     Ca-1.03     1.03480  6.7210E-05  1.5121E-18      1.0338  2.2589E-14      1.0351  2.2406E-14
  2012.000     Ca-1.03     1.03480  7.0497E-05  1.4029E-17      1.0334  1.9938E-13      1.0349  1.9862E-13
  2006.000     Ca-1.03     1.03480  7.3425E-05  5.0339E-18      1.0339  6.8657E-14      1.0355  6.8460E-14
#     maybe
  2008.000     Si-1.06     1.05888  4.8759E-05  2.6245E-18      1.0582  5.3963E-14      1.0598  5.3689E-14
  2014.920     Si-1.06     1.05888  4.6958E-05  1.2007E-18      1.0580  2.5507E-14      1.0597  2.5635E-14
  2014.960     Si-1.06     1.05888  4.2966E-05  9.6682E-19      1.0583  2.2525E-14      1.0596  2.2479E-14
  2012.000     Si-1.06     1.05888  3.7641E-05  7.6887E-18      1.0577  2.0373E-13      1.0596  2.0479E-13
  2006.000     Si-1.06     1.05888  3.8629E-05  2.6304E-18      1.0584  6.8093E-14      1.0601  6.8093E-14
#       yes
  2008.000     Al-1.12     1.12580  9.1379E-05  4.7517E-18      1.1250  5.1912E-14      1.1265  5.2088E-14
  2014.920     Al-1.12     1.12580  8.8911E-05  2.4763E-18      1.1253  2.7903E-14      1.1265  2.7801E-14
  2014.960     Al-1.12     1.12580  7.8082E-05  2.0180E-18      1.1253  2.6049E-14      1.1265  2.5640E-14
  2012.000     Al-1.12     1.12580  0.00022078  4.9419E-17      1.1247  2.2530E-13      1.1267  2.2237E-13
  2006.000     Al-1.12     1.12580  0.00012378  8.0965E-18      1.1253  6.5867E-14      1.1271  6.4954E-14
#    first3
  2008.000     Fe-1.17     1.16450  0.00012019  6.2295E-18      1.1592  5.1929E-14      1.1622  5.1731E-14
  2014.920     Fe-1.17     1.16450  0.00012036  3.4201E-18      1.1589  2.8446E-14      1.1627  2.8383E-14
  2014.960     Fe-1.17     1.16450  0.00011882  3.0591E-18      1.1588  2.5778E-14      1.1621  2.5712E-14
  2012.000     Fe-1.17     1.16450  0.00010311  2.3447E-17      1.1585  2.2790E-13      1.1619  2.2689E-13
  2006.000     Fe-1.17     1.16450  0.00012757  8.0223E-18      1.1590  6.2855E-14      1.1630  6.2920E-14
#       yes
  2008.000     Fe-1.19     1.18870  9.1634E-05  4.6147E-18      1.1880  5.0561E-14      1.1893  5.0160E-14
  2014.920     Fe-1.19     1.18870  7.7561E-05  2.1846E-18      1.1880  2.8341E-14      1.1893  2.7991E-14
  2014.960     Fe-1.19     1.18870  7.7360E-05  2.0010E-18      1.1880  2.5976E-14      1.1892  2.5757E-14
  2012.000     Fe-1.19     1.18870  0.00037713  8.6428E-17      1.1873  2.3045E-13      1.1890  2.2790E-13
  2006.000     Fe-1.19     1.18870  0.00011532  7.0267E-18      1.1881  6.0898E-14      1.1905  6.0964E-14
#redo-wider
  2008.000      K-1.24     1.24368  3.5864E-05  1.7452E-18      1.2431  4.8544E-14      1.2444  4.8778E-14
  2014.920      K-1.24     1.24368  2.9089E-05  8.3324E-19      1.2431  2.8594E-14      1.2444  2.8696E-14
  2014.960      K-1.24     1.24368  2.6450E-05  7.0201E-19      1.2432  2.6519E-14      1.2443  2.6563E-14
  2012.000      K-1.24     1.24368  2.9557E-05  7.0022E-18      1.2428  2.3600E-13      1.2441  2.3781E-13
  2006.000      K-1.24     1.24368  3.0277E-05  1.7750E-18      1.2432  5.8457E-14      1.2447  5.8793E-14
#       yes
  2008.000      K-1.25     1.25260  4.5817E-05  2.2410E-18      1.2522  4.8794E-14      1.2531  4.9032E-14
  2014.920      K-1.25     1.25260  4.0079E-05  1.1653E-18      1.2521  2.9061E-14      1.2533  2.9090E-14
  2014.960      K-1.25     1.25260  3.5053E-05  9.4322E-19      1.2521  2.6881E-14      1.2533  2.6936E-14
  2012.000      K-1.25     1.25260  4.6766E-05  1.1355E-17      1.2517  2.4197E-13      1.2530  2.4362E-13
  2006.000      K-1.25     1.25260  5.2351E-05  3.0894E-18      1.2522  5.8977E-14      1.2536  5.9050E-14
#       yes
  2008.000     Mn-1.29     1.29045  5.9547E-05  2.9182E-18      1.2898  4.9043E-14      1.2911  4.8970E-14
  2014.920     Mn-1.29     1.29045  4.2122E-05  1.2465E-18      1.2898  2.9662E-14      1.2909  2.9525E-14
  2014.960     Mn-1.29     1.29045  4.0366E-05  1.1133E-18      1.2899  2.7479E-14      1.2909  2.7680E-14
  2012.000     Mn-1.29     1.29045  3.9413E-05  9.8871E-18      1.2895  2.5192E-13      1.2908  2.4980E-13
  2006.000     Mn-1.29     1.29045  4.6683E-05  2.7349E-18      1.2901  5.9123E-14      1.2914  5.8046E-14
# no-measure
  2008.000     Al-1.31     1.31410  0.00023486  1.1387E-17      1.3118  4.8254E-14      1.3166  4.8714E-14
  2014.920     Al-1.31     1.31410  0.00018989  5.7352E-18      1.3119  3.0108E-14      1.3164  3.0298E-14
  2014.960     Al-1.31     1.31410  0.00022251  6.2738E-18      1.3121  2.8210E-14      1.3164  2.8181E-14
  2012.000     Al-1.31     1.31410  0.00019955  5.1932E-17      1.3117  2.5884E-13      1.3163  2.6165E-13
  2006.000     Al-1.31     1.31410  0.00023812  1.3739E-17      1.3121  5.7688E-14      1.3168  5.7709E-14
#       yes
  2008.000     Mg-1.50     1.50400  0.00045536  1.8958E-17      1.5014  4.1359E-14      1.5068  4.1907E-14
  2014.920     Mg-1.50     1.50400  0.00041443  1.2527E-17      1.5015  3.0073E-14      1.5068  3.0383E-14
  2014.960     Mg-1.50     1.50400  0.00041021  1.1973E-17      1.5014  2.9087E-14      1.5067  2.9288E-14
  2012.000     Mg-1.50     1.50400  0.00034067  8.8788E-17      1.5011  2.5961E-13      1.5070  2.6165E-13
  2006.000     Mg-1.50     1.50400  0.00042994  1.9497E-17      1.5017  4.5162E-14      1.5071  4.5534E-14
#       yes
  2008.000     KI-1.51     1.51720  0.00010363  4.3740E-18      1.5159  4.2478E-14      1.5185  4.1937E-14
  2014.920     KI-1.51     1.51720  8.4664E-05  2.5952E-18      1.5159  3.0889E-14      1.5185  3.0418E-14
  2014.960     KI-1.51     1.51720  0.00010129  3.0225E-18      1.5157  3.0086E-14      1.5186  2.9593E-14
  2012.000     KI-1.51     1.51720  9.0849E-05  2.4433E-17      1.5155  2.7021E-13      1.5181  2.6768E-13
  2006.000     KI-1.51     1.51720  0.00010035  4.6550E-18      1.5162  4.6811E-14      1.5187  4.5967E-14
#       yes
  2008.000   Mg-I-1.58     1.57600  0.00033576  1.4068E-17      1.5740  4.2128E-14      1.5790  4.1671E-14
  2014.920   Mg-I-1.58     1.57600  0.00030873  9.7276E-18      1.5739  3.1611E-14      1.5788  3.1406E-14
  2014.960   Mg-I-1.58     1.57600  0.00028158  8.6339E-18      1.5740  3.0867E-14      1.5788  3.0458E-14
  2012.000   Mg-I-1.58     1.57600  0.00029852  8.2842E-17      1.5737  2.7800E-13      1.5786  2.7701E-13
  2006.000   Mg-I-1.58     1.57600  0.00029509  1.3590E-17      1.5743  4.5868E-14      1.5792  4.6241E-14
#       yes
  2008.000   Si-I-1.59     1.59000  0.00023592  9.8828E-18      1.5880  4.2201E-14      1.5924  4.1580E-14
  2014.920   Si-I-1.59     1.59000  0.00019532  6.1931E-18      1.5878  3.1953E-14      1.5922  3.1460E-14
  2014.960   Si-I-1.59     1.59000  0.00020077  6.2523E-18      1.5878  3.1484E-14      1.5922  3.0799E-14
  2012.000   Si-I-1.59     1.59000  0.00021705  6.0477E-17      1.5875  2.8142E-13      1.5919  2.7583E-13
  2006.000   Si-I-1.59     1.59000  0.00024798  1.1654E-17      1.5881  4.7251E-14      1.5931  4.6740E-14
#       yes
  2008.000     CO-1.62     1.61975  0.00025280  1.0587E-17      1.6178  4.2590E-14      1.6227  4.1173E-14
  2014.920     CO-1.62     1.61975  0.00022373  7.1742E-18      1.6176  3.2537E-14      1.6226  3.1594E-14
  2014.960     CO-1.62     1.61975  0.00025296  7.9539E-18      1.6176  3.1833E-14      1.6227  3.1055E-14
  2012.000     CO-1.62     1.61975  0.00024869  7.2541E-17      1.6174  2.9581E-13      1.6224  2.8759E-13
  2006.000     CO-1.62     1.61975  0.00024095  1.1246E-17      1.6183  4.7562E-14      1.6230  4.5790E-14
#       yes
  2008.000     CO-1.66     1.66000  9.1922E-05  3.8712E-18      1.6605  4.1808E-14      1.6647  4.2420E-14
  2014.920     CO-1.66     1.66000  9.1119E-05  2.9801E-18      1.6603  3.2549E-14      1.6645  3.2862E-14
  2014.960     CO-1.66     1.66000  8.4107E-05  2.6660E-18      1.6603  3.1549E-14      1.6645  3.1845E-14
  2012.000     CO-1.66     1.66000  8.2358E-05  2.4710E-17      1.6601  2.9731E-13      1.6643  3.0274E-13
  2006.000     CO-1.66     1.66000  8.1388E-05  3.7992E-18      1.6606  4.6415E-14      1.6650  4.6945E-14
#       yes
  2008.000   Al-I_1.67     1.67400  0.00034942  1.4659E-17      1.6708  4.1616E-14      1.6785  4.2292E-14
  2014.920   Al-I_1.67     1.67400  0.00034837  1.1417E-17      1.6706  3.2546E-14      1.6781  3.2999E-14
  2014.960   Al-I_1.67     1.67400  0.00041397  1.3274E-17      1.6708  3.2049E-14      1.6783  3.2078E-14
  2012.000   Al-I_1.67     1.67400  0.00036052  1.0767E-16      1.6703  2.9845E-13      1.6779  2.9888E-13
  2006.000   Al-I_1.67     1.67400  0.00039035  1.8174E-17      1.6710  4.6241E-14      1.6785  4.6877E-14
#       yes
  2008.000    dip-1.70     1.70750  8.8747E-05  3.5212E-18      1.7063  3.9863E-14      1.7093  3.9490E-14
  2014.920    dip-1.70     1.70750  6.7876E-05  2.1373E-18      1.7062  3.1635E-14      1.7093  3.1342E-14
  2014.960    dip-1.70     1.70750  9.4113E-05  2.9334E-18      1.7063  3.0977E-14      1.7091  3.1361E-14
  2012.000    dip-1.70     1.70750  6.9737E-05  2.0450E-17      1.7060  2.9434E-13      1.7088  2.9215E-13
  2006.000    dip-1.70     1.70750  8.5416E-05  3.7184E-18      1.7067  4.3558E-14      1.7097  4.3507E-14
#       yes
  2008.000     Mg-1.71     1.71150  0.00026941  1.0639E-17      1.7093  3.9490E-14      1.7133  3.9490E-14
  2014.920     Mg-1.71     1.71150  0.00023183  7.2702E-18      1.7093  3.1324E-14      1.7131  3.1397E-14
  2014.960     Mg-1.71     1.71150  0.00026456  8.2292E-18      1.7091  3.1342E-14      1.7132  3.0867E-14
  2012.000     Mg-1.71     1.71150  0.00025189  7.3957E-17      1.7088  2.9215E-13      1.7127  2.9507E-13
  2006.000     Mg-1.71     1.71150  0.00028571  1.2397E-17      1.7097  4.3456E-14      1.7135  4.3328E-14
#       yes
  2008.000     Ca-1.98     1.98200  0.00087157  2.3091E-17      1.9752  2.6592E-14      1.9892  2.6394E-14
  2014.920     Ca-1.98     1.98200  0.00079775  1.9802E-17      1.9748  2.5087E-14      1.9886  2.4557E-14
  2014.960     Ca-1.98     1.98200  0.00079577  1.9891E-17      1.9750  2.5087E-14      1.9895  2.4904E-14
